
<!DOCTYPE html>
<html lang="en">
<head>
	<meta charset="utf-8">
	
	<meta name="viewport" content="width=device-width, initial-scale=1.0">
	<meta name="description" content="">
	<meta name="author" content="">
	<!-- <link rel="shortcut icon" href="../../assets/ico/favicon.png"> -->

	<title>071: Diameter and Degree Bounded Network Design Problem</title>

	<!-- Bootstrap core CSS -->
	<link href="/bootstrap/css/bootstrap.css" rel="stylesheet">

	<link href="/css/main.css" rel="stylesheet">
	<script src="//ajax.googleapis.com/ajax/libs/jquery/1.11.0/jquery.min.js" ></script>

	<!-- Enable table sorting -->
	<script src="/js/tablesorter/jquery.tablesorter.min.js"></script>
	<link rel="stylesheet" href="/js/tablesorter/blue/style.css" type="text/css"/>
	<script type="text/javascript">
	$(function() {
		$(".tablesorter").tablesorter();
	});
	</script>

	<script type="text/javascript" src="https://cdnjs.cloudflare.com/ajax/libs/mathjax/2.7.0/MathJax.js?config=TeX-AMS_HTML.js">
	MathJax.Hub.Config({
	  	tex2jax: {
	    inlineMath: [['$','$'], ['\\(','\\)']],
	    processEscapes: true
	  	}
	});
	</script>

  
	<link type="text/css" rel="stylesheet" href="/syntax_highlighter/shCoreDefault.css"/>

</head>

<body>

	<ol class="breadcrumb">
    	  <li><a href="/">CSPLib</a></li>

  <li><a href="/Problems">Problems</a></li>
  <li><a href="/Problems/prob071">prob071</a></li>

  <li><a href="/Problems/prob071/data">Data</a></li>
  <li>74.txt</li>
	</ol>

	<div class="container">

		<div class="page-header">
			<h1>071: Diameter and Degree Bounded Network Design Problem</h1>


<!-- macro to Not made a link if on the page the link links to -->


<header class="nav-header">
<div class="nav-container">
  <nav class="nav">
  <ul>
     	<li><a href="/Problems/prob071/">Specification</a></li>

     	<li><a href="/Problems/prob071/data">Data files</a></li>

     	<li><a class='no-files' href="/Problems/prob071/results">Results</a></li>

     	<li><a href="/Problems/prob071/references">References</a></li>

     	<li><a class='no-files' href="/Problems/prob071/models">Models</a></li>

     	<li><a href="/Problems/prob071/cite">Cite</a></li>

    <li><a href="/Problems/prob071.json" >Json</a></li>

    <li style="float:right"><a href="https://github.com/csplib/csplib/blob/master/Problems/prob071/data/74.txt">Edit Page</a></li>
  </ul>
  </nav>
</div>
</header>


		</div>


<a href="/Problems/prob071/data/74.txt">Download</a>
<pre >74
2430
2
0.0	49.1662470388	1035.64490586	444.987376346	832.079212407	935.809416941	990.161379282	127.463504949	350.11493568	421.780103968	410.742170436	576.549907353	1023.60606326	1056.07191557	1283.58929318	244.615296257	262.501338001	950.107776898	851.456232453	364.984490176	366.75796642	433.580673555	433.483875419	808.891579129	290.200563223	208.457970155	162.709546859	270.893618739	417.141288036	337.814062259	225.422847068	239.280228326	295.22705111	311.136471989	169.292812617	493.702424112	711.744152859	661.343580274	659.947174408	834.310876461	328.852065313	706.854776422	705.31742043	802.841958034	818.439101821	881.041674587	400.418045978	395.977250972	335.856820158	179.650397839	348.577939243	1086.94399863	1031.2265776	573.808493635	991.641377432	879.867019403	855.329122614	615.146043271	918.837161235	946.663185682	715.382250413	780.780807799	958.221510886	278.964324355	305.944167721	990.298464444	1170.4525635	1180.65981338	633.498316225	718.568414438	517.487683903	494.988963964	473.22779282	460.107965084
49.1662470388	0.0	1050.22007039	455.394157363	858.455361387	942.986757927	1018.5404863	122.035809158	352.212414914	415.921710068	429.712142756	600.884791285	1034.61939833	1060.88929049	1275.70758026	229.760478443	240.575025558	970.366127629	862.285281988	317.033485721	317.733410535	385.295234092	385.758047879	838.612720021	241.040382472	161.6791159	114.127429566	224.676613205	404.100387975	317.168772673	191.385003357	202.748389998	281.937882709	300.045467385	176.402368806	500.840765804	713.67727633	661.531528903	685.054247254	857.3648974	351.752023854	726.938208247	730.671406025	822.268586617	848.864939722	897.999940193	370.494393171	361.954950069	300.069402086	140.013526763	307.22029141	1091.00824175	1050.03321933	584.470041548	1014.21476497	882.270965072	856.589527632	630.007115519	933.145519858	973.921560428	722.465208928	791.654479223	967.919300842	285.340869435	317.890564028	1014.43515166	1169.76912689	1179.40731879	646.460048905	734.141140931	542.188756941	516.747242067	473.152778612	459.052224136
1035.64490586	1050.22007039	0.0	596.132020299	317.426580606	184.538113581	322.683788121	931.962072215	709.645570468	682.689954245	626.256602725	484.999023095	78.9525826427	213.310315968	579.528230016	859.830112612	879.248464819	148.829949242	200.499856061	1248.49349181	1211.14749176	1161.91055998	1142.41613582	388.777820819	1146.15118771	1158.74125193	1071.99939878	1060.66009782	731.767640073	829.869438311	1231.62459298	1236.94520166	1330.19986548	1346.69471904	873.974965282	557.271121838	399.655478896	454.006711541	419.356399297	263.909499932	711.561475838	342.19070357	385.83672664	249.962884355	398.945018502	161.177773448	878.94890424	921.363566977	947.719677733	1003.0316218	1006.43792664	236.611997431	95.3590682415	468.403806018	184.19974831	290.320793374	319.730795687	420.562807764	117.10755359	297.616580029	351.234181882	266.325380938	130.033720061	767.130362154	732.330572189	220.291040544	369.017640529	385.741138234	404.087654432	317.235117907	539.865440552	549.339637509	1500.67212956	1489.16920377
444.987376346	455.394157363	596.132020299	0.0	450.775512007	491.467044948	616.040252732	335.972109005	120.137608637	147.198040152	84.8818816014	208.817135908	579.345937009	613.827120815	876.619051791	271.774388777	298.972187365	528.883745064	407.020760435	669.155946122	637.977456935	615.365648784	599.416782122	457.219310438	565.343822431	565.206577749	478.44654508	483.638579509	208.917336849	273.192088513	635.551227114	641.194900833	736.832547124	754.180707314	279.041147593	56.9579568468	280.584496978	240.270077138	284.157279013	430.480911481	152.68410568	291.712159519	326.182989608	380.885368139	472.474908861	448.317005632	356.105901768	394.325146248	394.992438715	412.166321223	454.577302974	645.660114451	603.351529652	129.119754675	580.59607768	443.423082147	422.407747685	179.55448478	479.057162594	566.017394758	271.800569933	336.350472212	513.31420798	171.016705823	139.079338574	587.804115455	738.875352095	750.601432464	192.134221582	283.335087928	171.876395928	129.314461538	916.925280432	904.285478492
832.079212407	858.455361387	317.426580606	450.775512007	0.0	383.025954317	165.415418338	753.75994254	569.272289167	584.906105177	437.20958675	258.930433788	365.501384003	487.820834422	857.940368867	716.969089	747.689948983	171.639640367	291.67727938	1113.14918857	1085.17324931	1066.07263951	1049.90593747	72.4131533568	1009.72385107	994.210081996	909.604070814	930.949268125	645.973067889	723.08592104	1049.27442909	1058.86140676	1123.51595766	1136.90977483	692.271705902	441.001899038	425.438935873	453.92619033	174.335831201	66.1031252735	507.258451222	171.135997274	128.734880282	136.466268245	85.5387061359	190.49188847	799.834128222	840.150293692	845.440393581	850.28518508	905.199216124	520.024881709	254.295595484	359.807295146	177.807629384	442.921558518	454.370360139	291.175361667	252.241286688	116.660453463	349.896096177	284.620783575	350.28988743	602.013699801	558.4720325	164.564035386	655.147972845	671.775160332	300.537775281	224.733163596	316.710241047	346.812384693	1269.60531249	1260.12366819
935.809416941	942.986757927	184.538113581	491.467044948	383.025954317	0.0	455.835530009	821.440811821	591.777708063	546.848758971	542.568419804	445.472324014	118.941765821	128.50936987	478.126727579	734.43638081	747.741185704	264.174475566	106.818922563	1108.59742413	1068.04528503	1008.30759837	987.997982329	452.528574798	1008.73906892	1034.05829565	948.49210072	922.392034953	587.789177379	689.680724765	1114.46729751	1117.41773152	1224.88840693	1242.96676175	767.955804851	442.407069859	243.138337997	299.940886959	407.298274069	317.083723763	629.030167004	316.056163329	391.247210241	259.399410041	467.741227879	194.16928494	726.15714093	768.017752233	801.425220711	876.888421578	858.103140233	162.91790106	262.898442668	364.350070301	325.595400749	106.212910988	136.74595935	339.878921426	139.287219602	416.118741274	220.576756352	166.742084941	54.8674647291	658.036890099	630.37989139	359.339774325	285.445324907	301.070605131	313.726817483	257.786072403	488.739625116	483.756129703	1408.33050736	1395.59648519
990.161379282	1018.5404863	322.683788121	616.040252732	165.415418338	455.835530009	0.0	916.472615957	734.680176308	748.50269764	601.46441168	422.485998301	394.134914615	530.060598033	901.228363877	882.239123825	913.09801347	192.033078453	391.299764224	1278.05247921	1250.43266005	1231.20257129	1214.89966777	183.244020031	1174.73036815	1157.26295517	1073.17952241	1096.25606058	809.064677263	887.976472027	1209.79330497	1219.97803135	1278.83749862	1291.3826495	854.994733634	604.559489637	562.200248051	598.670882197	338.295533548	197.170267312	668.851517274	331.411082342	293.158005913	268.985560325	177.230515708	273.303950325	963.332179616	1003.98851	1010.45681902	1014.80147326	1070.28751075	556.836637398	230.158911953	520.85601972	138.684668659	539.957315975	558.89897656	452.538147105	317.115845988	51.7592941412	488.443098817	409.352813211	408.98855812	766.734414452	722.879637004	102.468034217	691.072132011	707.858564301	458.409238105	373.510243093	479.111371823	511.052796337	1416.81087432	1408.09842719
127.463504949	122.035809158	931.962072215	335.972109005	753.75994254	821.440811821	916.472615957	0.0	230.229748945	295.809553208	318.4612752	494.84136556	914.358551123	938.926386347	1157.24194357	118.441171046	142.095008223	857.192387204	742.091680241	374.610944649	359.15266684	390.87732129	384.555669223	739.868468745	277.838779307	240.906275105	158.915381746	222.326035492	289.714906247	214.188608112	300.690060803	307.824766895	403.53155014	421.926932407	61.494330594	379.705273748	591.657875452	539.665997655	579.448076337	747.870750595	248.284000669	614.3934274	625.115781518	708.632490716	751.428659172	781.809518691	287.222765137	290.985220805	237.825539396	118.465895713	267.813139638	968.991198624	935.221500526	464.68191407	903.601087544	760.24525443	734.637742014	512.8718524	814.858887271	870.139122428	601.018366216	671.568003384	847.149392031	165.023242386	201.115214896	905.848753526	1048.18655618	1057.96404396	527.874877606	617.213067328	437.401697756	407.914624469	594.250000729	580.385417373
350.11493568	352.212414914	709.645570468	120.137608637	569.272289167	591.777708063	734.680176308	230.229748945	0.0	91.9635647158	151.746897895	319.936445034	687.36131778	708.696646175	939.045572405	152.172963375	178.956014919	648.217762488	515.654492322	549.126344543	517.873893328	498.468612496	483.333082428	571.71772745	445.327150009	449.115367342	362.356434155	363.516062187	131.888845325	161.643142034	524.102458579	528.302698767	633.673380733	652.154084831	180.968158167	152.554064571	361.987605624	311.24170436	399.724304941	550.530882596	151.86029825	411.843843315	443.113165327	500.587337937	586.245836511	565.714087264	253.560272303	287.709279309	279.837267576	294.11137829	338.458113026	738.809806749	721.358010304	241.662240049	700.599517876	530.434086267	505.389765084	298.415605662	593.005408972	685.037934489	371.735182958	445.67960599	619.10157524	74.48213093	77.6908468032	707.937802438	820.351593138	830.633481899	308.011124072	401.11878381	273.299386157	232.953464941	822.683850902	809.181214788
421.780103968	415.921710068	682.689954245	147.198040152	584.906105177	546.848758971	748.50269764	295.809553208	91.9635647158	0.0	213.902842092	354.526071241	651.020654411	656.188533004	861.810988985	191.504343865	200.977726086	640.050803316	483.351325355	565.951144962	528.590846038	488.23853235	470.458471343	598.43630062	464.149708466	488.200597466	403.671886007	378.26045235	62.285700505	147.584112685	572.320161534	573.653298678	692.55117321	712.153500611	257.014292827	143.958540278	306.653443443	251.356106439	425.635934217	556.196136633	237.936107752	417.746480084	465.186281255	497.132191765	614.370977189	550.635178747	214.928525971	255.518759791	268.457504348	331.252317656	328.391573837	684.281886277	706.303080293	230.667716283	697.593852219	473.738198176	446.000741996	297.177513568	568.623464421	697.402593348	333.2978789	416.460926461	580.562517923	161.553573423	169.372478959	709.495137262	755.339165211	764.502273848	297.479133395	391.328812277	318.939095407	276.395149609	889.062345127	874.88301961
410.742170436	429.712142756	626.256602725	84.8818816014	437.20958675	542.568419804	601.46441168	318.4612752	151.746897895	213.902842092	0.0	179.166441926	619.437473737	668.636483178	949.730958077	284.52002542	319.0691179	540.654989884	449.247465364	677.018347276	651.08590869	643.796216488	629.858093746	430.205911444	574.054242332	557.740711428	472.619776542	497.823816513	271.174413953	313.063073335	617.716249734	625.851045805	705.953831395	721.76265583	257.323896225	137.781124928	351.31807982	317.055828487	263.1823239	429.414734738	86.7514272966	297.229006849	308.538767348	392.667068296	443.533351329	470.390845746	405.080374275	439.426919973	428.585142477	413.359571226	485.795191275	701.66432724	620.773224207	181.543023336	585.402481294	506.830479779	488.835361315	207.608304455	509.999828706	553.86108888	329.235324285	379.531134093	557.512817639	165.814067991	121.443199876	587.400508838	802.789223062	815.347047582	229.953227542	309.094168978	125.742641207	90.4252052976	874.867229616	863.152746147
576.549907353	600.884791285	484.999023095	208.817135908	258.930433788	445.472324014	422.485998301	494.84136556	319.936445034	354.526071241	179.166441926	0.0	495.326297319	573.573564287	900.934714428	462.30384911	495.232682069	378.203487858	340.238042666	856.171714755	829.824922372	818.14411862	803.230762118	252.274558883	753.13765921	735.294994935	650.834303396	676.181114033	416.740369007	479.648152918	791.190855855	800.421022403	870.222182512	884.565769293	433.357847563	220.072110787	331.080339761	325.423966474	84.6068805261	258.094414576	249.149471319	142.879553189	130.284974137	236.858365347	266.430703289	323.879777364	564.84108804	602.653879461	599.687091583	592.487454374	658.387392399	608.174123029	462.585846661	174.295511064	415.556598683	444.4099701	437.136981454	131.747126521	375.136822337	375.411047714	274.294708988	281.017597711	444.467067413	344.859036148	300.601646289	413.825246299	726.947038903	741.581075445	161.978533696	187.756934606	59.1170631943	89.0106673807	1026.10970455	1015.6265048
1023.60606326	1034.61939833	78.9525826427	579.345937009	365.501384003	118.941765821	394.134914615	914.358551123	687.36131778	651.020654411	619.437473737	495.326297319	0.0	136.470622864	507.443580444	834.430234577	850.695202036	208.946972437	172.335923581	1216.05920001	1176.81657615	1121.18874791	1101.16065406	437.913514499	1114.97536307	1134.50635811	1048.19901454	1028.85486912	695.873457313	796.431909173	1211.4482845	1215.55427471	1316.17795331	1333.48425324	858.352862573	535.227540327	354.474867525	410.780111686	439.599431724	305.077492576	706.009410105	354.22486528	412.272979091	272.084482615	450.129595822	184.564667558	838.319013197	880.474276137	911.103158438	977.678984482	968.727104957	162.832587024	172.581666446	450.226309207	255.757248797	224.198525869	255.377870137	411.865009346	123.387921939	364.196337264	318.099030293	242.995488057	71.460704465	749.493850101	717.920167173	291.937544582	298.018351167	314.855214273	390.711297373	314.113018982	546.217387588	549.616335518	1493.24030564	1481.13010536
1056.07191557	1060.88929049	213.310315968	613.827120815	487.820834422	128.50936987	530.060598033	938.926386347	708.696646175	656.188533004	668.636483178	573.573564287	136.470622864	0.0	373.346588555	846.58203241	856.689779531	342.16415876	233.636642806	1209.67474269	1167.15093086	1099.36237809	1078.46356352	559.637508768	1112.05905392	1144.30086347	1059.81331117	1025.80137013	691.405785419	794.240672054	1227.74574525	1229.64690602	1342.29100574	1360.84864802	887.309584756	562.585660366	349.657790777	404.971626025	532.309698675	423.827924211	754.745407171	441.670061734	512.98290226	376.156257731	573.346763033	298.306105152	820.840820761	861.66964106	900.427823859	987.438779536	954.94924918	34.6864204553	308.348605505	488.743578727	391.979899297	183.723920416	214.01473962	467.800053404	235.663865932	498.371679028	342.094937432	295.190744931	139.200829144	777.300816003	751.993407049	428.097346174	167.327138849	183.968808288	441.03702273	385.816684442	617.248131176	611.917227391	1529.22419137	1516.17988025
1283.58929318	1275.70758026	579.528230016	876.619051791	857.940368867	478.126727579	901.228363877	1157.24194357	939.045572405	861.810988985	949.730958077	900.934714428	507.443580444	373.346588555	0.0	1046.52711771	1042.95509061	715.305492378	581.193210483	1344.07457204	1295.93196496	1202.09778969	1180.41785405	928.838215716	1260.1620395	1319.64992563	1243.81076442	1179.0824989	872.981975405	968.84674732	1413.51275483	1410.45802451	1544.93700967	1565.55103989	1117.52558281	819.800369944	598.420943911	636.707685376	877.610514277	792.752003854	1028.91734402	786.592280069	866.636868829	737.518187637	943.352772567	667.449921014	958.09724279	991.507510082	1045.82251432	1171.90878499	1088.34933202	344.61970684	674.408271726	772.401239878	762.583233459	456.561477032	466.534953687	776.807008514	606.294652644	871.315585529	632.333896106	624.627065855	507.817028978	1013.41247322	1001.44747472	798.815608478	210.58280188	193.956425234	746.365176813	720.571278984	933.04027756	916.388719609	1747.41414227	1732.72019227
244.615296257	229.760478443	859.830112612	271.774388777	716.969089	734.43638081	882.239123825	118.441171046	152.172963375	191.504343865	284.52002542	462.30384911	834.430234577	846.58203241	1046.52711771	0.0	40.5223789553	800.361107731	663.803298022	397.619242202	368.204173669	362.017374765	349.693614217	714.320557277	293.817965329	300.101584775	214.09141359	214.060655302	174.343883419	97.2030673757	381.201710422	383.228898714	501.756492771	521.641695066	111.503894233	302.863722164	496.9512718	442.356410583	544.84269471	701.175957355	242.219192693	563.008400355	589.344817918	652.601770678	727.906510957	717.643537895	181.663307389	196.557083681	159.95468166	143.345750587	209.742451195	875.151907997	873.398518387	393.042079698	852.338013934	664.764684695	637.350999089	450.579423623	743.587756398	833.319223918	516.7415899	594.559889611	765.079257884	120.89663033	166.227753596	858.991076513	946.476859253	955.415460249	459.832025403	553.204323005	410.258132028	373.391028228	701.0346627	686.4884772
262.501338001	240.575025558	879.248464819	298.972187365	747.689948983	747.741185704	913.09801347	142.095008223	178.956014919	200.977726086	319.0691179	495.232682069	850.695202036	856.689779531	1042.95509061	40.5223789553	0.0	825.321621717	681.455412278	371.627985909	339.055273402	325.084904407	311.941376617	747.503318512	268.130900408	287.713012079	204.610540257	184.839622031	171.172384937	76.6306823731	374.775415382	374.692277166	502.057551715	522.603110897	147.700836713	324.752430602	507.426541318	451.720049319	576.81014566	729.446847345	281.222669997	590.645357345	620.821382898	678.388432517	761.450009264	740.489975229	146.879774069	157.841642027	119.45157715	131.679694141	170.329552913	884.335948277	896.515358653	415.531667997	878.826586913	673.743129088	645.35361931	475.73598344	763.737650356	863.686408953	532.600416054	613.132283882	780.62230744	158.488056523	203.341771188	886.709759425	950.528964216	958.855369907	482.918944937	576.965267208	444.648890098	406.675719222	705.472363525	690.499513892
950.107776898	970.366127629	148.829949242	528.883745064	171.639640367	264.174475566	192.033078453	857.192387204	648.217762488	640.050803316	540.654989884	378.203487858	208.946972437	342.16415876	715.305492378	800.361107731	825.321621717	0.0	210.598709318	1196.84981917	1163.62589041	1128.11224014	1109.99283155	241.480922952	1093.1612145	1092.63636939	1006.13473097	1009.97939904	696.029273587	786.551712382	1157.61515325	1164.9989198	1245.09281805	1260.16584368	796.816794914	501.500811885	402.11150336	447.441553395	301.39119166	127.880746025	621.338828928	243.450872235	261.083605917	148.62948961	250.787447006	97.4467136538	849.390428187	891.515489203	908.437320538	940.952669873	968.428392394	371.010786104	86.6065442804	410.990696541	66.7733977344	352.610487336	374.210164373	349.821908722	126.646218662	156.30661733	334.801142016	246.793058345	217.019362369	695.753682437	656.251458425	96.4419173152	506.710568047	523.548367522	343.428323313	249.095535088	436.658986473	455.207843485	1404.30109127	1393.76425994
851.456232453	862.285281988	200.499856061	407.020760435	291.67727938	106.818922563	391.299764224	742.091680241	515.654492322	483.351325355	449.247465364	340.238042666	172.335923581	233.636642806	581.193210483	663.803298022	681.455412278	210.598709318	0.0	1049.29674913	1011.36825791	961.435779304	941.978716652	357.590119041	947.371444202	963.669584347	877.17858655	861.59815912	531.449367909	630.132804682	1039.59848537	1043.95644272	1143.84893913	1161.1820434	686.018018055	363.280579852	202.830600329	255.193709507	300.532087533	226.021091983	535.988019272	209.247068742	285.746759379	159.691370757	373.855950074	118.084903973	678.515565608	720.941051936	747.397311729	807.145912895	806.010991714	268.306244102	244.185416805	277.903561708	277.293227409	152.205377688	167.96196176	242.492092724	95.0398570927	345.607132422	150.819151507	70.6874063635	108.36532856	577.189382402	545.671379973	305.6642833	392.10870489	407.606929983	219.514729258	152.625014672	385.718463012	383.996095098	1321.68341729	1309.44829283
364.984490176	317.033485721	1248.49349181	669.155946122	1113.14918857	1108.59742413	1278.05247921	374.610944649	549.126344543	565.951144962	677.018347276	856.171714755	1216.05920001	1209.67474269	1344.07457204	397.619242202	371.627985909	1196.84981917	1049.29674913	0.0	50.0146283373	167.297216144	185.196879747	1106.45966939	103.815746562	157.610157313	218.112506151	187.874439696	520.828049511	419.628603713	202.387683992	183.049441359	324.783906903	344.402813106	433.143220003	696.296510293	865.579890273	808.81615407	939.864551991	1098.76457984	618.193253276	960.61201096	984.894657946	1049.61491864	1119.10586147	1111.97960697	392.792109959	355.191866584	309.517982238	264.44110843	258.281001286	1234.69883273	1268.02955239	787.094839823	1249.72365021	1026.06635476	995.72906695	847.119362061	1133.80964627	1229.72165153	899.041871391	982.176425744	1145.16426482	511.375806245	555.635029171	1256.61031691	1284.45047311	1290.50683606	854.526038459	948.59325152	801.484428162	767.25937628	517.740088838	501.338544766
366.75796642	317.733410535	1211.14749176	637.977456935	1085.17324931	1068.04528503	1250.43266005	359.15266684	517.873893328	528.590846038	651.08590869	829.824922372	1176.81657615	1167.15093086	1295.93196496	368.204173669	339.055273402	1163.62589041	1011.36825791	50.0146283373	0.0	119.552320844	136.339339638	1081.27371191	81.420611489	167.981784756	209.779790211	154.398248719	480.947201139	381.280842767	232.462301926	214.496193354	363.693177018	384.084578129	415.018852171	662.22680777	824.90708919	768.10459082	912.828327539	1068.39756601	596.822675923	929.680298505	957.470676556	1017.17079255	1094.41380804	1077.25394252	347.874371163	309.170183346	266.910288815	243.63552916	213.011818037	1191.65109877	1233.28335211	752.944202327	1217.75540026	983.754520671	953.136295257	814.451976239	1097.19241572	1201.50886176	860.756912737	945.020136143	1105.70796412	485.340773074	530.285724477	1225.75735713	1239.0192591	1244.81845867	820.514595865	914.801725546	776.39398131	740.816015683	561.662733695	545.196108421
433.580673555	385.295234092	1161.91055998	615.365648784	1066.07263951	1008.30759837	1231.20257129	390.87732129	498.468612496	488.23853235	643.796216488	818.14411862	1121.18874791	1099.36237809	1202.09778969	362.017374765	325.084904407	1128.11224014	961.435779304	167.297216144	119.552320844	0.0	21.7008098623	1070.15685393	154.741612602	262.491845471	271.190573097	169.329978459	432.670928599	343.697790542	343.086217198	326.757268399	479.84235417	500.699184418	436.952099755	629.823305091	766.732749881	710.448732672	898.112213334	1042.36374471	603.452795325	903.230902586	941.144806241	985.205818158	1084.56607105	1037.55337317	283.084317385	240.777620387	220.966946948	273.742894934	160.956113648	1121.67864505	1192.50698855	718.635572994	1185.8003341	917.84925598	886.330859165	784.008146984	1051.11175126	1180.87236618	810.957859082	898.317193269	1049.7286828	482.839308153	528.046116749	1197.1490124	1158.84382387	1163.46777797	785.681425246	879.55947389	769.076831504	730.261093154	680.535473495	664.050014444
433.483875419	385.758047879	1142.41613582	599.416782122	1049.90593747	987.997982329	1214.89966777	384.555669223	483.333082428	470.458471343	629.858093746	803.230762118	1101.16065406	1078.46356352	1180.41785405	349.693614217	311.941376617	1109.99283155	941.978716652	185.196879747	136.339339638	21.7008098623	0.0	1055.01383745	162.129717891	270.212553835	272.062432647	165.304195343	414.167224357	326.973186832	354.231201043	338.557842632	492.788228852	513.863589446	428.544542109	612.616486722	746.686055044	690.494368104	882.68101514	1025.37350136	591.706211268	886.321474546	925.452643324	967.577002678	1069.57861865	1019.04879105	263.467233245	221.061235942	204.467214959	268.809857781	144.940001562	1100.6445458	1173.80657927	701.042792409	1168.03525893	897.129696618	865.563544835	766.770092488	1031.96362452	1164.4293744	791.623145619	879.208082896	1029.70039808	470.219941499	515.248353672	1179.75335894	1137.3335539	1141.91923971	767.934148431	861.660346872	754.848281765	715.660230008	695.225581842	678.7276785
808.891579129	838.612720021	388.777820819	457.219310438	72.4131533568	452.528574798	183.244020031	739.868468745	571.71772745	598.43630062	430.205911444	252.274558883	437.913514499	559.637508768	928.838215716	714.320557277	747.503318512	241.480922952	357.590119041	1106.45966939	1081.27371191	1070.15685393	1055.01383745	0.0	1003.88873648	980.72018047	897.820901877	927.978760031	660.503396055	730.131551787	1029.99704188	1040.74322295	1096.23900912	1108.57259381	678.597870214	456.440071102	473.242307627	495.457994544	173.153232065	136.114251241	491.586207847	205.131808806	134.15907457	198.564207009	17.9835760671	261.67411084	812.172309468	851.188013514	851.082334561	842.179767382	910.09524011	592.039397882	321.242416973	383.348590086	237.769413302	506.938168106	516.099477363	316.104560469	323.974090098	147.110298633	398.221446085	342.388159748	421.625965028	595.939297451	551.130250334	217.172539348	726.944161812	743.533302599	331.547481931	269.880274665	305.017009486	340.967102603	1233.73837377	1224.95208693
290.200563223	241.040382472	1146.15118771	565.343822431	1009.72385107	1008.73906892	1174.73036815	277.838779307	445.327150009	464.149708466	574.054242332	753.13765921	1114.97536307	1112.05905392	1260.1620395	293.817965329	268.130900408	1093.1612145	947.371444202	103.815746562	81.420611489	154.741612602	162.129717891	1003.88873648	0.0	108.101299926	129.902135632	86.3716408468	421.266930694	319.059652463	195.640957995	181.996601738	337.848633242	359.46502423	334.227928261	592.881214382	766.079765329	709.436657981	836.646913734	994.98258554	517.283850113	856.799593908	881.582677893	945.848211417	1016.73404867	1008.61505223	302.657891266	268.870261065	215.936580594	163.305226662	172.962816259	1137.81513129	1164.64485884	683.662568251	1145.91892899	928.335662055	898.423696775	743.395237698	1031.13751004	1126.25718233	797.445414605	879.835724293	1044.28820565	408.278972651	452.801473884	1152.80635351	1191.95224273	1198.6083692	751.03815844	845.034921733	698.872003566	664.168452904	545.34556167	528.899171053
208.457970155	161.6791159	1158.74125193	565.206577749	994.210081996	1034.05829565	1157.26295517	240.906275105	449.115367342	488.200597466	557.740711428	735.294994935	1134.50635811	1144.30086347	1319.64992563	300.101584775	287.713012079	1092.63636939	963.669584347	157.610157313	167.981784756	262.491845471	270.212553835	980.72018047	108.101299926	0.0	86.808941983	151.631326967	456.634443123	354.947331526	98.1666259559	91.3082092163	241.208355509	263.091714626	302.320460135	601.497428315	794.852164409	739.338760577	819.874953981	986.492764203	489.143853368	851.240000861	865.496751109	944.06016177	992.166448706	1013.51240295	366.388644532	340.546987446	279.377954725	157.170464722	253.706390115	1172.0440913	1168.46778922	690.67605014	1141.19551287	961.448781846	933.045323877	744.635429252	1042.11857736	1110.69787238	816.834768414	894.16805885	1065.17645174	396.950482876	437.800964391	1144.70701398	1236.57474751	1244.45535955	756.494735519	848.539231264	678.152794057	647.777922376	451.529806368	435.332261461
162.709546859	114.127429566	1071.99939878	478.44654508	909.604070814	948.49210072	1073.17952241	158.915381746	362.356434155	403.671886007	472.619776542	650.834303396	1048.19901454	1059.81331117	1243.81076442	214.09141359	204.610540257	1006.13473097	877.17858655	218.112506151	209.779790211	271.190573097	272.062432647	897.820901877	129.902135632	86.808941983	0.0	115.045795148	375.303486101	275.447577538	170.436658093	170.161702664	303.511202823	324.846802086	219.496630832	514.788563293	710.185468399	655.02448715	735.325348925	900.744511795	406.52129605	765.05263473	780.870038423	857.593682792	909.649916344	926.737303918	300.646186646	281.567194543	218.059817595	72.9386036008	208.884347321	1087.93856054	1081.74849711	603.883033769	1055.08249408	877.369412409	849.351233542	657.910018327	955.347095526	1026.19344176	730.729693352	807.579855846	979.037030613	310.647479577	352.09654618	1058.99994815	1155.10771854	1163.36402862	669.686340412	761.771480245	594.202869332	562.876135961	511.896971782	496.252475116
270.893618739	224.676613205	1060.66009782	483.638579509	930.949268125	922.392034953	1096.25606058	222.326035492	363.516062187	378.26045235	497.823816513	676.181114033	1028.85486912	1025.80137013	1179.0824989	214.060655302	184.839622031	1009.97939904	861.59815912	187.874439696	154.398248719	169.329978459	165.304195343	927.978760031	86.3716408468	151.631326967	115.045795148	0.0	334.897791505	232.725593415	249.710083639	241.104738503	392.784225634	414.663413922	271.618299639	508.903972551	679.709582176	623.065021457	758.890317885	914.02066856	447.181033852	775.350396266	803.403276784	863.201416397	941.352019967	924.428232656	221.117222382	191.154748757	133.27163887	104.485835485	102.148876013	1051.67232951	1080.48772896	599.696959778	1063.66585099	842.077880096	812.236133157	660.521311769	945.935254888	1047.22788969	711.496173359	794.337016381	958.106612827	332.423769838	377.646146879	1071.43954299	1107.03657868	1113.91166969	667.20413911	761.391418858	623.397689727	587.205879409	603.148999923	586.96041472
417.141288036	404.100387975	731.767640073	208.917336849	645.973067889	587.789177379	809.064677263	289.714906247	131.888845325	62.285700505	271.174413953	416.740369007	695.873457313	691.405785419	872.981975405	174.343883419	171.172384937	696.029273587	531.449367909	520.828049511	480.947201139	432.670928599	414.167224357	660.503396055	421.266930694	456.634443123	375.303486101	334.897791505	0.0	102.877503036	545.686486765	545.01509273	672.744876945	693.106307593	262.615594702	205.073903725	344.883150318	288.191565279	487.802737903	615.757690109	283.73893696	477.877531838	527.092400041	554.977931295	676.500604502	604.904333276	154.573774575	196.064565566	215.953973409	302.418762659	274.867555208	717.882810172	759.863518487	289.429058957	754.796807947	507.752312489	478.367623613	356.911550593	619.412275049	757.811844714	380.633461565	466.626543108	624.764703283	186.397142168	207.054147733	767.78184309	780.057922925	788.145897365	355.276621336	448.290929777	380.261847661	337.781593864	874.472516138	859.743654503
337.814062259	317.168772673	829.869438311	273.192088513	723.08592104	689.680724765	887.976472027	214.188608112	161.643142034	147.584112685	313.063073335	479.648152918	796.431909173	794.240672054	968.84674732	97.2030673757	76.6306823731	786.551712382	630.132804682	419.628603713	381.280842767	343.697790542	326.973186832	730.131551787	319.059652463	354.947331526	275.447577538	232.725593415	102.877503036	0.0	445.769241245	444.183731592	576.294287215	597.082664597	206.304019272	286.378161227	447.126430409	390.565327822	557.228727924	698.673919188	296.043849129	559.533237451	599.352769074	642.286745131	745.144554388	697.940746125	97.4825201178	126.894666973	122.735682992	203.124112828	182.824763806	820.760272104	853.725495809	375.894795624	843.093277682	610.608611804	581.244207298	440.518729081	716.117941217	837.462568912	479.622150689	563.791358591	725.566367159	175.004529445	213.370275606	853.748705047	881.734447606	889.526998365	443.284130227	537.513016249	434.715805611	393.903499953	781.005669139	765.909980122
225.422847068	191.385003357	1231.62459298	635.551227114	1049.27442909	1114.46729751	1209.79330497	300.690060803	524.102458579	572.320161534	617.716249734	791.190855855	1211.4482845	1227.74574525	1413.51275483	381.201710422	374.775415382	1157.61515325	1039.59848537	202.387683992	232.462301926	343.086217198	354.231201043	1029.99704188	195.640957995	98.1666259559	170.436658093	249.710083639	545.686486765	445.769241245	0.0	20.0778440297	143.692834907	165.550943769	360.800876816	676.317969004	878.14153733	823.503263935	875.558030676	1046.69631609	542.118340801	914.537634643	921.224274576	1009.12582366	1040.2334021	1082.42365528	463.443933878	438.504139817	376.926767603	243.268156799	351.678711892	1256.34907627	1235.90593268	763.470397733	1203.08169363	1045.9263201	1018.31905446	813.376539113	1114.58026273	1164.94923946	895.33299512	969.407074311	1143.13401409	464.687388259	501.795738122	1204.21494054	1325.27285857	1333.63078525	827.68309347	917.717742254	732.724194167	706.017926659	353.660933981	337.407677713
239.280228326	202.748389998	1236.94520166	641.194900833	1058.86140676	1117.41773152	1219.97803135	307.824766895	528.302698767	573.653298678	625.851045805	800.421022403	1215.55427471	1229.64690602	1410.45802451	383.228898714	374.692277166	1164.9989198	1043.95644272	183.049441359	214.496193354	326.757268399	338.557842632	1040.74322295	181.996601738	91.3082092163	170.161702664	241.104738503	545.01509273	444.183731592	20.0778440297	0.0	155.85289576	177.494455206	368.567161183	680.769522784	879.989637225	825.001441614	884.904464804	1055.15824368	551.605524202	922.203807799	930.594242969	1016.42043722	1051.21814685	1088.77659879	457.663724398	431.288634584	370.521495697	243.028086067	342.505322944	1257.93075747	1242.7002983	768.579214911	1211.22462338	1047.39029374	1019.4651156	819.617770503	1119.98015297	1174.76128053	898.825219229	973.940987621	1146.89927221	470.69089767	508.793269908	1212.90426211	1325.02444189	1333.1606581	833.284629519	923.916278859	742.172978055	714.654173487	364.301631246	347.928963338
295.22705111	281.937882709	1330.19986548	736.832547124	1123.51595766	1224.88840693	1278.83749862	403.53155014	633.673380733	692.55117321	705.953831395	870.222182512	1316.17795331	1342.29100574	1544.93700967	501.756492771	502.057551715	1245.09281805	1143.84893913	324.783906903	363.693177018	479.84235417	492.788228852	1096.23900912	337.848633242	241.208355509	303.511202823	392.784225634	672.744876945	576.294287215	143.692834907	155.85289576	0.0	21.8840599542	457.858249834	782.777318034	994.236241625	941.25808658	952.901226669	1128.28274861	623.755146265	1001.95873449	997.971115812	1098.01012549	1104.63180993	1176.17704929	602.750140361	579.881180543	517.477196996	373.749264922	494.901349309	1372.12970867	1326.42531676	865.952283736	1285.72615285	1162.82473178	1136.5590611	909.640875519	1213.25564638	1236.874017	1004.38776638	1073.18273531	1249.73908282	567.232804455	598.554181749	1283.39996383	1447.88747797	1457.01465554	927.144118359	1013.35520508	811.105235396	789.888849762	210.42389854	194.321001709
311.136471989	300.045467385	1346.69471904	754.180707314	1136.90977483	1242.96676175	1291.3826495	421.926932407	652.154084831	712.153500611	721.76265583	884.565769293	1333.48425324	1360.84864802	1565.55103989	521.641695066	522.603110897	1260.16584368	1161.1820434	344.402813106	384.084578129	500.699184418	513.863589446	1108.57259381	359.46502423	263.091714626	324.846802086	414.663413922	693.106307593	597.082664597	165.550943769	177.494455206	21.8840599542	0.0	475.413065911	800.686887878	1013.13528588	960.387589432	966.904901978	1142.66016813	638.947668648	1017.2297808	1011.83864166	1113.38198085	1116.70315365	1192.12845603	624.349764706	601.6517394	539.194594447	394.765396007	516.782758783	1390.83487559	1341.85364786	883.283923029	1300.12233163	1181.74266907	1155.65313946	926.147858011	1229.82718101	1249.84946144	1022.41551868	1090.50017679	1267.31818114	585.051086197	615.630838724	1297.32935241	1467.43437907	1476.65566857	944.036091223	1029.67951618	825.462345935	804.989346716	188.571664723	172.495414044
169.292812617	176.402368806	873.974965282	279.041147593	692.271705902	767.955804851	854.994733634	61.494330594	180.968158167	257.014292827	257.323896225	433.357847563	858.352862573	887.309584756	1117.52558281	111.503894233	147.700836713	796.816794914	686.018018055	433.143220003	415.018852171	436.952099755	428.544542109	678.597870214	334.227928261	302.320460135	219.496630832	271.618299639	262.615594702	206.304019272	360.800876816	368.567161183	457.858249834	475.413065911	0.0	325.549039619	542.451982212	492.196399132	517.964724408	686.719232679	187.082892952	553.766545263	563.635825364	648.348048768	690.270087737	722.547365088	293.026267826	305.383195219	260.903797937	171.529240684	300.910274591	917.986102007	875.40053935	408.146874171	842.659489646	710.610446286	686.039519497	454.039640923	756.881835273	808.645195932	547.385025648	615.364602069	791.922971283	110.02646538	141.74988632	844.618864892	1001.29766337	1011.60154904	470.100439158	558.296456982	375.912963255	346.551313585	642.358013759	629.07541246
493.702424112	500.840765804	557.271121838	56.9579568468	441.001899038	442.407069859	604.559489637	379.705273748	152.554064571	143.958540278	137.781124928	220.072110787	535.227540327	562.585660366	819.800369944	302.863722164	324.752430602	501.500811885	363.280579852	696.296510293	662.22680777	629.823305091	612.616486722	456.440071102	592.881214382	601.497428315	514.788563293	508.903972551	205.073903725	286.378161227	676.317969004	680.769522784	782.777318034	800.686887878	325.549039619	0.0	224.71963163	183.328690875	284.654158546	412.86742582	209.640227207	274.066256729	322.59272536	356.09048899	472.746118247	415.739105572	358.867460264	399.430989868	409.007508431	445.861608092	469.129625908	593.839040584	571.763651152	90.8010064308	556.954371482	389.361957948	367.377555028	154.184941472	440.809968535	553.498552314	221.836849464	293.17148751	467.516261203	215.654754343	189.806500501	567.382986126	684.08252986	695.551629898	158.30993303	252.574986808	196.911016667	156.433030059	966.705852539	953.75459159
