
<!DOCTYPE html>
<html lang="en">
<head>
	<meta charset="utf-8">
	
	<meta name="viewport" content="width=device-width, initial-scale=1.0">
	<meta name="description" content="">
	<meta name="author" content="">
	<!-- <link rel="shortcut icon" href="../../assets/ico/favicon.png"> -->

	<title>071: Diameter and Degree Bounded Network Design Problem</title>

	<!-- Bootstrap core CSS -->
	<link href="/bootstrap/css/bootstrap.css" rel="stylesheet">

	<link href="/css/main.css" rel="stylesheet">
	<script src="//ajax.googleapis.com/ajax/libs/jquery/1.11.0/jquery.min.js" ></script>

	<!-- Enable table sorting -->
	<script src="/js/tablesorter/jquery.tablesorter.min.js"></script>
	<link rel="stylesheet" href="/js/tablesorter/blue/style.css" type="text/css"/>
	<script type="text/javascript">
	$(function() {
		$(".tablesorter").tablesorter();
	});
	</script>

	<script type="text/javascript" src="https://cdnjs.cloudflare.com/ajax/libs/mathjax/2.7.0/MathJax.js?config=TeX-AMS_HTML.js">
	MathJax.Hub.Config({
	  	tex2jax: {
	    inlineMath: [['$','$'], ['\\(','\\)']],
	    processEscapes: true
	  	}
	});
	</script>

  
	<link type="text/css" rel="stylesheet" href="/syntax_highlighter/shCoreDefault.css"/>

</head>

<body>

	<ol class="breadcrumb">
    	  <li><a href="/">CSPLib</a></li>

  <li><a href="/Problems">Problems</a></li>
  <li><a href="/Problems/prob071">prob071</a></li>

  <li><a href="/Problems/prob071/data">Data</a></li>
  <li>79.txt</li>
	</ol>

	<div class="container">

		<div class="page-header">
			<h1>071: Diameter and Degree Bounded Network Design Problem</h1>


<!-- macro to Not made a link if on the page the link links to -->


<header class="nav-header">
<div class="nav-container">
  <nav class="nav">
  <ul>
     	<li><a href="/Problems/prob071/">Specification</a></li>

     	<li><a href="/Problems/prob071/data">Data files</a></li>

     	<li><a class='no-files' href="/Problems/prob071/results">Results</a></li>

     	<li><a href="/Problems/prob071/references">References</a></li>

     	<li><a class='no-files' href="/Problems/prob071/models">Models</a></li>

     	<li><a href="/Problems/prob071/cite">Cite</a></li>

    <li><a href="/Problems/prob071.json" >Json</a></li>

    <li style="float:right"><a href="https://github.com/csplib/csplib/blob/master/Problems/prob071/data/79.txt">Edit Page</a></li>
  </ul>
  </nav>
</div>
</header>


		</div>


<a href="/Problems/prob071/data/79.txt">Download</a>
<pre >79
2430
2
0.0	60.2181376862	1010.69358521	583.544831202	476.970904411	933.527922022	706.215837676	661.522376158	900.693591067	864.646292321	159.996880772	722.011846567	380.295230311	453.244786089	481.138741042	660.81606235	1085.05605392	1031.75895909	1090.22842081	1309.00542775	284.452403917	1025.81229603	862.028846229	326.841596796	332.61159411	408.053335375	415.225223641	105.917109846	180.405396757	298.750808055	263.3322228	447.654841014	134.40759305	179.757087671	193.833664244	255.111453033	272.184804889	218.842494219	538.08820727	875.605756469	787.643959061	739.86371421	757.401063359	710.419486424	598.819289847	1001.48857199	875.894932864	325.273415907	408.235685944	343.345085497	742.274023228	863.566170908	861.688518983	944.561867431	340.140968819	420.931238852	396.101214096	358.171801631	809.707487698	180.96646878	248.335516289	1142.18065754	1069.14185599	1043.54706265	678.122478777	912.457660963	914.354149783	921.707239126	818.315709934	1025.184388	274.864102755	1079.83503592	1140.81823107	1201.07861861	1210.89835469	560.911303913	549.256711105	442.55243408	448.925602038
60.2181376862	0.0	950.679923182	523.404095584	417.7411959	873.40841377	645.998888525	601.39787988	844.593858746	804.897812044	99.8646719662	662.588320354	320.483236555	397.195089285	421.606048016	603.078503497	1024.87361639	971.724866898	1030.43642103	1253.04337653	234.220650459	966.627751109	801.850344605	352.249439858	349.744610767	409.502157095	409.691341713	108.711552565	206.549959776	286.853846319	266.427963659	395.581953669	167.541200152	230.999853399	242.624728424	315.252815515	332.402510369	161.745442463	477.950674541	815.549994288	728.789031056	680.478114744	698.630076073	655.417193979	539.964412334	944.923343514	817.708063371	267.915825035	348.375530752	284.393684667	684.788142421	808.939472754	809.779532075	884.934051889	294.477406523	376.975444805	362.464722011	329.507541932	755.116437474	152.540462524	216.400608176	1082.66873951	1010.20992971	985.534505185	618.648016955	853.085631408	855.904751994	864.456861704	758.098744721	964.966270571	215.647289546	1023.46209052	1080.73855012	1142.46158466	1152.44495231	503.563248694	491.550978788	501.977144689	508.376169354
1010.69358521	950.679923182	0.0	427.851530292	561.016298581	152.322280194	313.011819903	365.719859237	287.838996166	150.901341113	852.111681499	295.850046701	640.892592945	627.546831445	531.280081958	384.304489034	88.8708679291	160.358564232	219.935467451	593.230319675	792.963111061	103.005752563	154.470151895	1185.67429349	1148.75842764	1101.33783659	1059.71357711	999.347561545	1091.06727048	989.754792438	1048.82748473	678.748266116	1079.9169466	1167.26836335	1172.65930447	1265.74736542	1282.26324034	809.201698225	482.02962492	195.811888975	249.345369245	340.659424923	358.367625761	404.782044937	422.71335143	260.703913287	210.125089597	715.480795273	602.606073509	670.304611176	324.116063649	348.247941268	428.270695439	85.6229553043	790.534091273	771.449477936	861.087069015	898.866332593	366.061578997	926.452797991	897.628640771	278.654301162	138.854366485	191.23245074	337.618075253	251.933039028	316.450915093	234.287809849	203.78485545	83.4292184226	737.083904277	288.999210939	203.595247186	385.325337767	402.147145257	477.473792552	483.441713293	1443.40591015	1449.91407113
583.544831202	523.404095584	427.851530292	0.0	156.510946803	358.19804484	127.479200436	100.152501152	388.856235608	285.782386445	424.443554923	155.102361272	215.888536259	241.161507725	113.701916594	160.359690199	501.644931638	458.397520271	523.207043624	810.934240693	376.978532958	453.894230239	278.637238472	772.294467686	739.910579396	711.498534979	675.72127783	572.899061725	667.48818455	585.864549149	636.684362323	304.35943562	653.643472607	739.898542814	745.800227621	838.650427309	855.551325057	382.525306405	70.749672972	304.163254766	230.110294497	207.312653985	244.288867656	259.630705959	92.3655706614	473.311935007	326.422193364	294.844211723	177.187323603	248.082961634	224.605962332	383.576369482	429.411469352	366.823355927	390.077365479	397.946767425	482.615021224	509.696384579	340.1494525	504.491393706	484.133453684	581.309551713	500.41116566	489.697096843	114.338580895	362.81416054	389.698164216	386.870330419	236.559083164	443.25037205	312.00590297	550.536540907	564.978823893	658.317819905	671.153241056	141.71987619	132.066116601	1019.94693327	1026.43656383
476.970904411	417.7411959	561.016298581	156.510946803	0.0	462.877080629	248.102941534	195.795803317	545.083388769	429.867786672	318.92127822	310.144179617	100.332398183	86.6615263371	148.427322533	308.29018042	625.339499414	558.671984386	614.490224038	846.856090324	231.990699391	600.382710567	406.732802248	625.56350164	590.434546712	556.14710023	519.600663355	445.554195124	531.965073092	433.663376277	488.881712169	150.873718027	524.847221577	615.337119205	618.554288537	727.850472862	746.538823583	260.416523273	86.4996473375	403.709898882	385.517301003	262.960911858	281.519718595	402.656425934	232.177214921	629.578634874	481.815547499	157.783267078	137.390267641	196.058509767	379.349043172	536.946746546	576.64726267	510.19904165	235.541945315	242.414261614	326.15048386	353.649840987	490.976955474	366.930542747	336.944090515	665.380873315	648.073383561	642.656849091	270.693854824	435.514411364	439.500008397	543.123163419	358.511825519	560.757869529	234.725036771	706.473929299	668.232244337	725.330751436	735.689783303	251.676123703	236.436810888	919.52192757	925.89647616
933.527922022	873.40841377	152.322280194	358.19804484	462.877080629	0.0	230.817058834	272.010982388	379.241685599	172.224853289	773.547776869	273.247979902	554.075255822	516.656793087	471.13926484	375.50558208	175.922663722	100.274704069	168.107547998	510.572944078	691.593376126	247.676820896	108.06597654	1075.90105351	1035.98882501	978.815460379	935.294658038	908.414278782	993.32653213	875.933863011	939.638451464	560.582782142	987.677150872	1078.16195454	1081.41154854	1187.39432031	1205.33907925	721.602182853	395.467375792	59.5972048032	266.127323144	212.13689654	219.264348211	431.177868834	385.916765844	385.492798627	282.313780943	620.659702304	534.041849284	605.814836707	344.15492251	428.066127937	508.523083423	179.400550926	679.124304599	649.274169417	738.169318649	779.356841263	427.544532888	828.500608284	791.902522306	230.047283696	289.347421209	332.268538593	303.134322216	100.805164954	166.768284337	332.648705818	127.083821049	106.06682078	667.727879571	429.284077317	207.581269121	322.311293753	337.608864875	449.232109479	450.23612133	1373.99786542	1380.45626617
706.215837676	645.998888525	313.011819903	127.479200436	248.102941534	230.817058834	0.0	55.1064527376	349.171604227	186.731840141	546.354396373	116.447318986	330.062732278	318.30779482	240.872792681	196.508783741	380.412770607	330.960757284	395.881597355	695.879671175	479.976701888	356.578685619	159.063134427	873.375729943	837.366688273	795.709830922	756.051898697	688.181260547	778.423472823	679.219770651	736.587268829	373.990258124	768.479162056	857.008707037	861.655003845	960.965344119	978.390430548	498.756323639	170.180853196	176.902903851	176.893944981	115.899689809	158.059294728	286.802483477	172.667055552	413.33550177	263.766601802	402.793040473	303.438061695	375.041043202	216.60525493	365.361045573	429.877644347	264.887488921	479.911171036	468.805619057	557.869401808	592.26374173	335.890937399	613.642571983	584.959010964	454.511832524	404.984326451	408.721377424	111.589637776	241.307874129	277.505840257	329.968220738	112.471381474	318.999393545	437.606444081	484.651288071	437.925888502	534.336955204	547.714238573	237.287538351	234.099682172	1144.96962164	1151.44529029
661.522376158	601.39787988	365.719859237	100.152501152	195.795803317	272.010982388	55.1064527376	0.0	396.620338313	241.82744614	501.538211461	156.298132038	282.502161886	263.547766528	211.040948971	215.870046302	429.844156965	370.711715653	431.981740595	710.797703743	427.723215398	411.645986776	211.26589434	819.983053875	783.453128219	740.725098328	700.971778936	639.057582194	727.496634006	624.964186634	683.143497135	318.886560716	718.99982578	808.417700696	812.466920339	915.534077143	933.389925899	450.715920094	123.462220728	214.507113184	224.563143973	108.049042963	147.04123457	312.978390747	172.166719137	465.291738646	315.145632717	352.245671735	265.593185758	338.005722174	252.599879196	407.506692194	467.242164853	319.868272785	425.618596864	413.703665883	502.764834741	537.307802478	373.573520254	562.508469089	531.938346713	487.849294124	460.0723303	463.308827017	136.995527192	264.838453414	289.563646733	380.883302058	162.725968234	366.210955926	397.308032062	537.752615762	479.425526189	560.894182883	573.324654239	232.785775074	226.052628478	1102.16644841	1108.61806817
900.693591067	844.593858746	287.838996166	388.856235608	545.083388769	379.241685599	349.171604227	396.620338313	0.0	213.546853644	756.035523244	242.633183554	586.467644567	629.973977771	443.399444256	248.644019059	370.193698822	436.670954472	503.643613222	875.478127691	752.791512752	213.010032633	287.416442768	1141.60592261	1114.15192566	1096.33280067	1062.38720445	919.416752778	1021.67213132	966.021982819	1009.65445503	692.837954161	998.464197652	1074.76774132	1084.6677454	1146.6835048	1159.73895369	736.201314402	459.567328754	380.212128393	172.406071611	448.914713087	486.403494534	193.222036737	323.197239523	102.569079413	99.179727094	668.511769396	516.741965339	565.56067732	168.319003824	64.4861851453	140.985316737	210.816509053	775.24907346	786.778177306	871.187868902	896.529084818	104.476999425	867.276263975	859.1906345	564.801493728	229.133857256	170.477357249	276.097128178	467.896651175	531.819499889	54.0576316832	313.051556502	366.281838732	633.520477695	179.428054722	490.94879007	670.774626772	687.497813761	343.05002207	356.584855966	1301.46211197	1307.89952526
864.646292321	804.897812044	150.901341113	285.782386445	429.867786672	172.224853289	186.731840141	241.82744614	213.546853644	0.0	707.239228724	145.317117138	501.49340878	504.126122868	383.740829899	234.756952481	235.991308977	249.486451866	321.348611521	681.189476881	659.546156775	170.624889223	73.8931936243	1054.73595637	1020.27322891	981.873226494	942.578587539	858.539755703	953.144462281	863.275987287	918.315544848	560.659072114	939.303313863	1024.91902605	1031.20890362	1119.34916231	1135.43010081	668.191378959	346.334312794	166.681518045	103.806117132	255.833723343	287.692176087	268.346584879	272.249161308	245.196432969	114.398788016	579.16016222	456.562362501	522.546463095	182.680542703	257.300191302	337.074128274	81.0653536868	664.356788964	655.529991938	744.536455784	778.382006239	255.410955043	789.688676206	765.941730354	385.314932537	218.687872022	224.60185966	187.900335647	254.865963558	318.313962877	174.014378605	106.868204059	197.00348455	590.120079611	308.173492633	332.42500461	485.980801993	502.060917994	326.6021786	332.562424252	1294.60077601	1301.11161198
159.996880772	99.8646719662	852.111681499	424.443554923	318.92127822	773.547776869	546.354396373	501.538211461	756.035523244	707.239228724	0.0	566.014070903	220.870790073	304.588808575	325.141385522	511.228710206	925.596003271	871.869522391	930.737836693	1158.6524429	160.642332386	870.465409782	702.616781427	405.538941622	391.458121414	424.408949874	413.203323063	165.512588708	270.278860317	287.882490854	293.466076597	311.374505906	242.752659243	320.499000578	329.187494259	414.632944249	432.073282346	73.3038971256	378.096235997	715.689407119	633.718249503	581.270177873	600.27482302	570.082792574	445.267277572	855.095306656	724.230108154	173.905339918	250.908058126	191.005976141	593.327808501	723.833162974	730.665160872	787.596215832	227.951084528	310.454287979	317.651249972	296.423142816	670.287002862	146.98164004	188.702927978	983.247735214	914.673356279	892.276225484	521.975434174	753.855367106	757.938919628	773.174390899	658.549827374	865.349970298	122.528635661	933.945477626	980.874108595	1044.16275627	1054.36988905	413.196948521	400.28034717	601.54201805	607.957056612
722.011846567	662.588320354	295.850046701	155.102361272	310.144179617	273.247979902	116.447318986	156.298132038	242.633183554	145.317117138	566.014070903	0.0	368.189577744	392.306399779	241.02332964	102.465366899	378.811839526	368.416908623	439.577688626	774.263136666	531.485853277	304.520202601	169.31404224	926.404940976	894.666208419	866.122766781	829.719578525	720.914267908	818.100538864	740.963499185	791.191007097	453.812066415	801.615044159	885.367602952	892.487087602	976.188798958	991.928495299	531.244279841	223.649450275	236.473893232	75.393098135	230.207510083	271.876814459	176.077254198	126.935738965	320.145472467	171.672504745	448.632515904	315.192908733	378.981254911	100.333749063	251.281476128	313.57470492	223.169633707	544.900036353	548.638849792	635.026579996	663.792586649	219.574028083	656.650889629	638.732055421	502.635802919	349.418585592	334.886295203	44.0595409518	319.868017941	369.417461721	233.818393114	149.984945505	331.68184615	447.155162603	396.453137722	464.473191435	594.891179104	609.834062763	183.2770726	188.051867106	1149.76249865	1156.2738671
380.295230311	320.483236555	640.892592945	215.888536259	100.332398183	554.075255822	330.062732278	282.502161886	586.467644567	501.49340878	220.870790073	368.189577744	0.0	124.142475033	146.149547024	338.83818065	710.474598891	651.748328172	709.957242473	946.962427711	166.32402993	669.728244605	488.499901612	558.751847868	528.6979799	512.647309464	482.121252557	358.481627051	451.652653021	379.796070516	424.52383053	171.53163711	439.024354911	526.972019988	531.876139785	633.385037677	651.506116966	168.694598475	159.94908096	495.739924836	441.335779113	360.663820064	381.226328097	421.067201098	263.270933122	678.588758856	536.544985003	82.0474192464	86.2180341344	111.906951386	418.177938712	567.767469379	594.812973673	582.558002095	197.253586058	238.305341877	305.189258921	319.33869936	517.467391118	288.73398678	272.976818121	762.40216993	716.052759213	702.633692634	324.992267577	533.168789012	539.382280241	593.023781758	442.50010613	648.263311609	136.334455772	757.148706763	760.993486835	824.6876652	835.268822261	257.423034073	241.687174539	822.394952859	828.805219133
453.244786089	397.195089285	627.546831445	241.161507725	86.6615263371	516.656793087	318.30779482	263.547766528	629.973977771	504.126122868	304.588808575	392.306399779	124.142475033	0.0	228.462565389	394.915694232	685.796111375	607.772018019	657.691937413	855.905798786	179.926678601	674.568101711	473.35112961	559.952165816	521.591877934	477.78294905	439.176908816	404.146703081	480.091070461	362.24028549	423.344554056	64.2270834866	479.892267343	572.598006177	573.305980335	695.004756965	714.845331926	235.52168578	170.418633877	457.083878253	467.609458526	306.865772106	314.7536723	489.182231337	318.835582631	712.429347016	563.562005154	130.704977132	197.112032114	236.035056923	465.182617647	623.238312104	663.279709875	583.139409482	163.290663163	156.80665399	242.824774756	274.299998667	577.564107499	317.242138907	275.515450311	703.747752871	722.798127827	721.518763983	354.454981294	474.645111972	466.93259085	626.044048311	423.764469652	618.822102382	252.211741018	788.590771559	716.895658401	753.390892803	762.221295041	336.050525284	320.53368633	892.331433553	898.559816505
481.138741042	421.606048016	531.280081958	113.701916594	148.427322533	471.13926484	240.872792681	211.040948971	443.399444256	383.740829899	325.141385522	241.02332964	146.149547024	228.462565389	0.0	194.78416865	608.917681729	571.408153	636.748699564	919.909651106	311.25721067	545.353376819	386.988257606	698.337413992	670.872633998	658.723893707	628.189231279	482.407001255	581.991888159	525.01722582	566.341537937	290.667092008	562.810903028	645.04413237	652.687453582	735.64585968	751.690240166	294.786140896	112.105870436	417.7324825	308.998000019	314.523363936	347.913152025	274.976185224	122.145766648	538.197957818	401.17602688	227.268748766	75.085659137	139.025644839	275.828065999	422.120132135	449.016335643	463.438989912	342.315111664	373.37192422	447.626707713	464.749183356	371.44942208	424.454153091	416.597250806	695.006828965	589.569125587	569.041654096	197.049429038	475.575939204	499.211157506	453.820742419	347.683955163	553.107836598	206.405626147	617.127713501	677.261432956	771.435594123	784.081506746	112.143054414	96.2868378959	912.316412463	918.821546394
660.81606235	603.078503497	384.304489034	160.359690199	308.29018042	375.50558208	196.508783741	215.870046302	248.644019059	234.756952481	511.228710206	102.465366899	338.83818065	394.915694232	194.78416865	0.0	470.673100358	469.666242392	541.169721029	875.848949912	505.0295901	373.231289467	270.341233766	892.974575246	865.634632843	850.61642184	818.210378311	672.92614627	774.286042055	718.632402578	761.112470291	459.062584218	752.604147798	831.426301608	840.416187347	911.535182604	925.95920214	488.020588483	227.953017142	338.50627813	136.467949627	311.540857755	353.639639331	100.043930333	76.962858626	344.731929301	215.809207816	420.767082812	268.230552354	320.227363859	82.1579684522	230.273924354	269.56300177	304.273392091	530.889730933	550.121820932	631.06382463	653.063257219	182.749530698	618.746558099	611.020258137	604.471806441	412.983917809	382.842943379	85.1192203369	420.306060954	466.783345917	261.952189986	252.26400346	428.823133182	388.955986257	423.725346361	563.129811553	697.332965366	712.294739437	100.529540216	111.561012988	1076.89956577	1083.39890868
1085.05605392	1024.87361639	88.8708679291	501.644931638	625.339499414	175.922663722	380.412770607	429.844156965	370.193698822	235.991308977	925.596003271	378.811839526	710.474598891	685.796111375	608.917681729	470.673100358	0.0	127.338945347	162.183823526	527.105260051	856.782673795	165.478047835	223.032102373	1245.73658481	1207.00749955	1153.02867138	1109.95008703	1068.42592879	1157.272905	1047.16855377	1109.05590588	732.814937495	1148.58572109	1237.39904526	1241.89885325	1340.114394	1357.14758801	879.166775914	550.563169677	232.821065214	336.929247341	385.98775516	395.176574616	493.644928271	504.87397966	328.717699615	297.887594965	782.077853613	678.299374298	747.576193419	412.601806217	432.341372106	511.177290094	174.421098807	849.01091628	823.018361009	912.255940843	952.480656516	453.111094421	992.251983098	959.492444458	210.976927451	181.130406311	247.884969344	419.059889345	259.971049262	316.501970626	316.150205355	267.992392203	69.9308786872	813.200224683	340.553779559	123.891864989	316.608550553	333.340529924	561.734361346	566.861637489	1520.90643922	1527.40578064
1031.75895909	971.724866898	160.358564232	458.397520271	558.671984386	100.274704069	330.960757284	370.711715653	436.670954472	249.486451866	871.869522391	368.416908623	651.748328172	607.772018019	571.408153	469.666242392	127.338945347	0.0	72.1264789242	438.825830962	784.951420849	262.654448035	199.330193905	1164.56278258	1123.37191465	1060.92323718	1016.32314578	1003.96335027	1086.74943668	963.397036214	1028.98977293	647.885484079	1082.69884624	1173.79321914	1176.49633354	1285.08891523	1303.25345614	818.458688595	494.084200885	156.225637472	351.087151329	300.911970837	299.135172966	516.985628645	484.700514186	420.446163281	346.808716886	716.269341271	633.946708945	705.838141108	430.380351368	492.395312124	573.585879591	225.910680967	768.744104546	733.501226538	821.274406957	864.27508391	500.389756019	922.354817747	883.249772939	136.115913917	292.472926174	350.814087898	400.840014173	145.760384007	193.885888159	385.217709944	226.312838877	77.4923563905	767.332232556	448.070076413	109.584430483	237.238173666	253.588801518	547.385362683	548.992844348	1472.84627399	1479.29440385
1090.22842081	1030.43642103	219.935467451	523.207043624	614.490224038	168.107547998	395.881597355	431.981740595	503.643613222	321.348611521	930.737836693	439.577688626	709.957242473	657.691937413	636.748699564	541.169721029	162.183823526	72.1264789242	0.0	373.346588555	836.656600533	318.225198454	270.887071795	1209.67474269	1167.15093086	1099.36237809	1053.84307751	1058.05838629	1137.77233709	1007.70680876	1075.20282457	693.509904401	1135.90140119	1227.74574525	1229.64690602	1342.29100574	1360.84864802	874.903186397	554.515027354	219.045178096	423.19449718	352.573940278	343.861295011	589.066705458	554.023064203	479.976057131	416.224340481	771.164638309	697.055072289	769.29602332	502.495180626	560.911221428	641.976437525	293.124118883	816.147912971	775.49097502	861.66964106	906.285098983	570.817043898	974.292665496	932.191533421	64.010114357	341.351273824	404.904360681	470.958747791	183.723920416	212.320921921	451.247290663	295.190744931	137.746739114	829.278472036	500.181311189	75.0382560525	167.327138849	183.968808288	617.248131176	618.342928995	1532.26124756	1538.68238948
1309.00542775	1253.04337653	593.230319675	810.934240693	846.856090324	510.572944078	695.879671175	710.797703743	875.478127691	681.189476881	1158.6524429	774.263136666	946.962427711	855.905798786	919.909651106	875.848949912	527.105260051	438.825830962	373.346588555	0.0	1028.80590117	689.794559399	618.085722938	1344.07457204	1295.93196496	1202.09778969	1154.31730158	1251.4191638	1309.48882665	1148.03607038	1222.29360288	866.367839629	1320.60862099	1413.51275483	1410.45802451	1544.93700967	1565.55103989	1091.30531738	816.218463756	537.936591598	776.490725548	605.387122667	573.773601038	940.561662832	868.238501078	852.572088244	784.763492131	985.471901865	963.046678605	1033.47671078	853.777179147	930.844930375	1012.04712269	664.675691796	986.678206112	921.46134541	991.507510082	1041.06881256	936.061727786	1159.23491609	1102.76001684	316.502091962	708.022337132	774.740556581	795.323708695	456.561477032	421.23613091	823.750224977	624.627065855	510.940985643	1081.01440793	867.349583507	406.078692307	210.58280188	193.956425234	933.04027756	929.910336264	1745.18386016	1751.29100571
284.452403917	234.220650459	792.963111061	376.978532958	231.990699391	691.593376126	479.976701888	427.723215398	752.791512752	659.546156775	160.642332386	531.485853277	166.32402993	179.926678601	311.25721067	505.0295901	856.782673795	784.951420849	836.656600533	1028.80590117	0.0	829.441018567	638.719636583	395.461621239	363.290107624	348.760641481	321.592319499	224.748343163	301.835298522	213.76108283	259.724312681	163.591305164	299.971817872	392.690920748	393.447458856	517.172917814	537.42548895	89.8386472222	313.21548497	632.058025622	605.600394773	484.642475223	494.46466343	585.015309035	429.59496261	844.556081801	701.354970873	84.2866712941	242.993211807	225.001393235	584.498235293	733.376973971	757.486551979	740.348201057	68.3225527863	149.894409415	171.601102525	167.648675431	682.542100469	137.636122762	107.266657749	883.485321142	876.557166057	866.372130885	489.007025832	654.060684656	646.685747197	758.791117917	590.448349091	791.451629636	187.914146407	922.984320273	894.394095192	932.8693805	941.456496248	420.625065664	405.161101983	716.444556558	722.576936129
1025.81229603	966.627751109	103.005752563	453.894230239	600.382710567	247.676820896	356.578685619	411.645986776	213.010032633	170.624889223	870.465409782	304.520202601	669.728244605	674.568101711	545.353376819	373.231289467	165.478047835	262.654448035	318.225198454	689.794559399	829.441018567	0.0	213.06940434	1224.81504997	1190.70589465	1152.21976748	1112.61661683	1024.98305451	1121.10241001	1033.87775532	1088.53354835	730.479693356	1105.73161167	1189.87183997	1196.88373674	1279.35652404	1294.67500394	834.95651528	516.380406182	280.756433026	239.21679248	410.462665956	435.032753055	367.587696742	427.348147412	163.403286021	164.487637619	748.404188999	619.704175764	682.478758519	299.334058266	277.207739276	352.642205807	92.2753554369	834.981634471	825.105101882	914.33212856	948.742927759	306.932481963	958.385519368	936.067289837	373.402975928	48.6541620522	88.2589373084	348.579545504	348.481784087	414.284417194	159.913859233	261.568789593	185.205163099	751.012665947	185.998056707	289.35291729	480.003787809	496.823449001	472.744646564	481.716813231	1449.15173652	1455.65810464
862.028846229	801.850344605	154.470151895	278.637238472	406.732802248	108.06597654	159.063134427	211.26589434	287.416442768	73.8931936243	702.616781427	169.31404224	488.499901612	473.35112961	386.988257606	270.341233766	223.032102373	199.330193905	270.887071795	618.085722938	638.719636583	213.06940434	0.0	1031.20417348	994.359813562	948.289219638	907.208677889	846.889113086	937.486585035	835.475134238	894.357341017	525.51163381	927.287792951	1015.42573134	1020.33620877	1117.09626983	1134.11548579	657.134782392	328.922396723	92.9407937478	158.415806899	197.477446038	224.06649343	323.119893484	289.292722017	314.567776862	188.245801947	561.855342858	455.465732786	525.199984387	236.107215162	329.654885531	408.54438614	122.670041991	636.199935179	618.902013107	708.516212702	745.431932518	323.746432123	772.695458097	743.198813126	334.37047387	261.326016728	282.439074015	203.892937381	181.764831492	244.564938008	247.225561095	50.0356268481	166.588191793	590.38151885	372.390645496	296.223227198	429.77818546	445.262627397	350.316105337	353.120644304	1298.25287177	1304.74829307
326.841596796	352.249439858	1185.67429349	772.294467686	625.56350164	1075.90105351	873.375729943	819.983053875	1141.60592261	1054.73595637	405.538941622	926.404940976	558.751847868	559.952165816	698.337413992	892.974575246	1245.73658481	1164.56278258	1209.67474269	1344.07457204	395.461621239	1224.81504997	1031.20417348	0.0	50.0146283373	167.297216144	208.395107191	246.233505326	146.941933545	202.217648168	136.850487743	516.740660184	192.7363018	202.387683992	183.049441359	324.783906903	344.402813106	407.123381217	708.455231036	1016.4354821	1000.0153646	864.540673888	866.537761347	964.276748844	819.720850672	1236.1687981	1095.29183247	477.774504475	624.96454937	583.227795799	974.14542504	1116.57334265	1130.84165674	1135.4022393	396.870846586	435.86253169	355.191866584	306.982143674	1064.0319738	274.831435519	288.797885892	1250.1527223	1272.00125449	1261.18710644	883.541053524	1026.06635476	1006.77505629	1151.11154388	982.176425744	1178.70198668	520.45974022	1314.9746682	1272.69755036	1284.45047311	1290.50683606	801.484428162	786.925267195	500.785308892	504.832623949
332.61159411	349.744610767	1148.75842764	739.910579396	590.434546712	1035.98882501	837.366688273	783.453128219	1114.15192566	1020.27322891	391.458121414	894.666208419	528.6979799	521.591877934	670.872633998	865.634632843	1207.00749955	1123.37191465	1167.15093086	1295.93196496	363.290107624	1190.70589465	994.359813562	50.0146283373	0.0	119.552320844	158.880925712	241.182310713	154.188602658	160.07185878	104.554957514	475.669960851	202.751954826	232.462301926	214.496193354	363.693177018	384.084578129	384.465468473	674.577196162	976.665785673	968.884075461	824.161046889	824.73610397	940.146137608	791.305678369	1207.25807336	1064.63590065	446.929567069	598.694724828	561.457549919	946.146357743	1091.40223113	1108.82900339	1100.62494745	358.334618247	392.005739683	309.170183346	261.896367936	1039.3800045	252.46575641	256.031815128	1206.57563659	1238.2249704	1229.53074701	852.288781711	983.754520671	962.852668423	1121.717346	945.020136143	1139.47254684	501.313059402	1285.84584311	1231.06068776	1239.0192591	1244.81845867	776.39398131	761.509046906	545.701281279	549.956793936
408.053335375	409.502157095	1101.33783659	711.498534979	556.14710023	978.815460379	795.709830922	740.725098328	1096.33280067	981.873226494	424.408949874	866.122766781	512.647309464	477.78294905	658.723893707	850.61642184	1153.02867138	1060.92323718	1099.36237809	1202.09778969	348.760641481	1152.21976748	948.289219638	167.297216144	119.552320844	0.0	47.7835610381	304.695087352	246.789550639	139.551456607	144.78348648	422.781474725	293.305946398	343.086217198	326.757268399	479.84235417	500.699184418	396.47924567	642.552445427	920.450767198	941.421821056	767.105469947	762.189507773	933.31636056	774.185967923	1184.54569879	1037.76098345	431.727957355	591.74406671	568.041499021	928.270020895	1080.24355564	1106.18651618	1060.58718033	321.527149311	330.193803149	240.777620387	203.491626965	1030.11469845	277.469813171	250.477329076	1134.40561228	1200.51484514	1198.45996807	825.762341831	917.84925598	890.516302857	1098.17291908	898.317193269	1084.10161301	516.804680748	1262.01771819	1166.39508408	1158.84382387	1163.46777797	769.076831504	753.519711137	664.975296812	669.292986771
415.225223641	409.691341713	1059.71357711	675.72127783	519.600663355	935.294658038	756.051898697	700.971778936	1062.38720445	942.578587539	413.203323063	829.719578525	482.121252557	439.176908816	628.189231279	818.210378311	1109.95008703	1016.32314578	1053.84307751	1154.31730158	321.592319499	1112.61661683	907.208677889	208.395107191	158.880925712	47.7835610381	0.0	309.707544832	266.913847512	125.699812967	155.580218558	382.217629534	310.609951517	370.112048231	355.187639407	510.306761108	531.588887336	377.824642834	606.098455069	877.203976221	905.104303836	723.965671642	717.961202306	903.162248371	741.456489545	1149.03232851	1001.37684674	402.58437119	563.431961308	544.635091669	894.738952294	1048.32274211	1076.86839393	1020.74544121	287.374916853	288.320688772	198.692857187	166.030045029	998.903686525	268.152251133	230.640625108	1088.2267847	1161.03559448	1160.66473023	790.05765056	872.792546807	844.476789079	1062.5869717	857.18677118	1040.81472191	497.265074806	1226.07085032	1121.33197015	1111.72654537	1116.24197333	739.448796236	723.755441547	700.024161826	704.567361223
105.917109846	108.711552565	999.347561545	572.899061725	445.554195124	908.414278782	688.181260547	639.057582194	919.416752778	858.539755703	165.512588708	720.914267908	358.481627051	404.146703081	482.407001255	672.92614627	1068.42592879	1003.96335027	1058.05838629	1251.4191638	224.748343163	1024.98305451	846.889113086	246.233505326	241.182310713	304.695087352	309.707544832	0.0	105.087321124	193.121968339	160.155398933	385.11450665	80.7719137218	169.830191538	173.476479743	293.522691348	314.241768528	190.374162405	518.023476397	849.262140155	791.094209054	705.485310847	717.658218892	734.98818171	604.216330884	1017.54539374	883.529364852	287.780656834	407.321516398	353.92937621	755.070249311	888.64851354	896.171589884	939.499074709	266.331380446	341.023699823	302.354707263	260.343145875	835.220359906	93.5070934986	158.063810812	1106.38381788	1070.3262845	1051.44481103	676.944119915	876.477595618	871.076103641	934.627550647	800.464941461	1005.25103924	286.758764589	1096.5093411	1113.54746223	1157.47708435	1166.15278807	576.375946879	562.924770442	494.643924001	500.634235633
180.405396757	206.549959776	1091.06727048	667.48818455	531.965073092	993.32653213	778.423472823	727.496634006	1021.67213132	953.144462281	270.278860317	818.100538864	451.652653021	480.091070461	581.991888159	774.286042055	1157.272905	1086.74943668	1137.77233709	1309.48882665	301.835298522	1121.10241001	937.486585035	146.941933545	154.188602658	246.789550639	266.913847512	105.087321124	0.0	181.569071495	114.764376646	450.285817914	48.6432050334	111.908370073	103.363371187	255.430907785	277.31090952	287.353285005	609.082406311	933.818452524	889.517939297	786.25114437	794.638544725	838.66369596	704.117955343	1119.01214451	982.966282509	375.634813852	507.068469305	456.886271024	856.319558354	992.168773293	1000.85958993	1034.20949537	326.367558119	388.245079781	327.928990126	279.27917183	938.882417424	165.037785676	208.522158941	1183.38197375	1167.08528834	1150.55098646	774.342133044	954.691099304	944.008336491	1035.445549	889.988150514	1092.5963169	390.585789694	1198.00744721	1196.15805438	1228.38470025	1236.10174021	678.867116751	665.101255175	455.707773736	461.05508593
298.750808055	286.853846319	989.754792438	585.864549149	433.663376277	875.933863011	679.219770651	624.964186634	966.021982819	863.275987287	287.882490854	740.963499185	379.796070516	362.24028549	525.01722582	718.632402578	1047.16855377	963.397036214	1007.70680876	1148.03607038	213.76108283	1033.87775532	835.475134238	202.217648168	160.07185878	139.551456607	125.699812967	193.121968339	181.569071495	0.0	74.9813530358	315.613075664	214.695041643	293.393154909	283.362366063	436.996603212	458.874967104	256.931453492	518.911268841	816.628616238	815.786511996	664.089281776	664.914278048	798.448751687	642.914363998	1056.71000998	911.954033343	297.90897001	455.964504092	429.171583337	797.70349271	947.137342971	970.293343792	943.257140641	199.345899466	233.761697306	156.553126305	106.983395271	896.238967795	142.457500432	111.379283866	1047.93813125	1081.67881286	1075.31228073	699.356523528	824.17876821	804.573629306	970.653927815	785.970489431	979.51327123	377.253285731	1134.84559895	1071.21412674	1082.90372039	1089.19581542	634.012256675	618.635074982	636.65864606	641.896645739
263.3322228	266.427963659	1048.82748473	636.684362323	488.881712169	939.638451464	736.587268829	683.143497135	1009.65445503	918.315544848	293.466076597	791.191007097	424.52383053	423.344554056	566.341537937	761.112470291	1109.05590588	1028.98977293	1075.20282457	1222.29360288	259.724312681	1088.53354835	894.357341017	136.850487743	104.554957514	144.78348648	155.580218558	160.155398933	114.764376646	74.9813530358	0.0	381.711416706	155.637787022	224.363172412	212.525275186	367.834542391	389.624206769	280.905449876	572.161022264	880.127280475	865.185126204	728.592567095	731.610985881	835.74133723	686.88719774	1102.97289663	960.787701379	342.931322416	494.150509745	457.829233629	841.692934431	986.87827746	1004.79740209	998.897103473	260.521756094	304.965916289	231.12546731	181.400403188	934.901427572	150.009675818	152.577525031	1116.87507764	1135.84908229	1126.07497167	748.610398609	891.49085633	874.178837093	1017.52606458	845.326712944	1042.16294018	398.974030965	1181.61171741	1137.41285438	1154.24490413	1160.85030343	671.904725896	656.994557146	565.382556846	570.468817293
447.654841014	395.581953669	678.748266116	304.35943562	150.873718027	560.582782142	373.990258124	318.886560716	692.837954161	560.659072114	311.374505906	453.812066415	171.53163711	64.2270834866	290.667092008	459.062584218	732.814937495	647.885484079	693.509904401	866.367839629	163.591305164	730.479693356	525.51163381	516.740660184	475.669960851	422.781474725	382.217629534	385.11450665	450.285817914	315.613075664	381.711416706	0.0	456.163804576	549.386364739	547.965401133	678.598857079	699.183764285	238.466723928	233.652960742	501.417874761	528.899843173	348.573596782	349.921654133	553.395120313	383.05073327	773.884701885	624.474114133	146.500802842	252.52482645	280.86213362	528.747825846	687.08606346	727.50626198	638.550172894	124.085529228	95.2314901904	183.880224836	220.163433167	641.662984181	293.532552366	241.880670106	735.954573698	778.94185986	780.350841777	416.928551049	509.790535273	494.544618446	687.621721168	475.549739158	664.662597794	283.661957304	849.497000487	755.960580388	778.12426091	785.820759387	399.496983613	383.892037182	878.967001926	885.045718844
134.40759305	167.541200152	1079.9169466	653.643472607	524.847221577	987.677150872	768.479162056	718.99982578	998.464197652	939.303313863	242.752659243	801.615044159	439.024354911	479.892267343	562.810903028	752.604147798	1148.58572109	1082.69884624	1135.90140119	1320.60862099	299.971817872	1105.73161167	927.287792951	192.7363018	202.751954826	293.305946398	310.609951517	80.7719137218	48.6432050334	214.695041643	155.637787022	456.163804576	0.0	93.2280670532	93.8004607451	229.414419101	251.074265318	271.121291023	598.373902266	928.408329491	871.627328851	783.445280527	794.360461187	812.799312205	684.476106314	1097.03985227	963.827328209	367.123065788	487.737413477	432.938641233	834.762089815	966.562097711	971.938145687	1020.26694279	334.006995631	402.62086182	350.870379369	304.06428773	912.986246606	163.150518266	218.439320396	1183.35369886	1151.03252506	1131.79478626	757.631954618	953.736248204	946.423064976	1014.4507804	880.679539851	1085.10666206	365.064239403	1175.96743416	1192.27245529	1232.22057312	1240.51924219	655.448872053	642.222561205	431.952912538	437.629596421
179.757087671	230.999853399	1167.26836335	739.898542814	615.337119205	1078.16195454	857.008707037	808.417700696	1074.76774132	1024.91902605	320.499000578	885.367602952	526.972019988	572.598006177	645.04413237	831.426301608	1237.39904526	1173.79321914	1227.74574525	1413.51275483	392.690920748	1189.87183997	1015.42573134	202.387683992	232.462301926	343.086217198	370.112048231	169.830191538	111.908370073	293.393154909	224.363172412	549.386364739	93.2280670532	0.0	20.0778440297	143.692834907	165.550943769	358.294617116	686.837865526	1019.04564487	953.946580265	875.187311711	886.801518843	886.262221717	765.694185844	1174.60283214	1044.72878243	457.58300396	570.299808805	511.28356989	913.440124391	1039.85612883	1040.3399269	1105.6814668	427.067738619	494.398105484	438.504139817	390.35474742	986.047462423	256.298211254	310.898321665	1275.70727319	1234.52571389	1212.77519893	841.309801929	1045.9263201	1039.33023272	1093.28894663	969.407074311	1174.62510742	442.474960559	1253.30819617	1283.37724423	1325.27285857	1333.63078525	732.724194167	720.193661974	343.972023982	349.381278819
