84
2430
2
0.0	48.9471974699	957.077162924	400.733653871	892.516047507	904.609256707	870.960328226	67.2782719618	339.51623704	391.469292842	620.350644616	1010.14061284	1002.15061479	1035.48828166	1030.43642103	1253.04337653	193.415044621	222.429365173	230.643682149	849.269807306	971.997985197	969.553454126	352.249439858	349.744610767	409.502157095	408.194576895	596.199532767	818.303697671	125.055396803	270.982571072	199.033626958	243.680637958	395.581953669	230.999853399	242.624728424	315.252815515	332.402510369	137.253931529	469.118350523	735.446560689	632.665730767	709.949573572	687.188752511	665.465727009	944.923343514	250.974351141	265.129544707	348.375530752	282.107771894	811.616679495	858.837068575	756.155997262	834.866196145	386.735623912	338.302305645	329.507541932	785.417363163	770.13024238	152.540462524	299.398330981	526.242357479	567.402288368	912.547309718	639.141990576	843.359773334	838.661576202	899.266579569	856.897977384	605.427817726	966.63463947	673.553393006	682.687244467	739.316000949	212.069199612	1004.47563767	982.912181901	1142.46158466	1144.63664132	427.192429643	802.803776065	491.550978788	553.133317401	498.874910023	518.692454162
48.9471974699	0.0	1002.4488852	445.416392088	936.180374909	948.606592904	919.841824405	111.863862199	377.988782735	427.556227529	669.06303342	1055.798277	1045.89732299	1077.38204101	1072.5337355	1287.21311494	211.143742075	253.513490503	255.65022121	895.282933556	1019.64681408	1017.61448578	314.0656597	316.583271906	387.397294972	388.501230376	645.146191173	867.227733272	93.5566738571	241.112685044	157.584222941	225.713458987	424.485625733	182.147316117	194.150698292	270.397524542	288.436008369	178.708102165	513.77172445	783.319145465	673.343899128	751.458732261	726.442847674	714.217525659	993.775005061	288.791076798	299.467788183	395.313290358	330.655567029	859.579326654	902.885008106	804.92223744	883.51577234	406.808638871	353.614594488	332.75451752	834.015251439	819.074704069	155.447578874	297.145330441	571.03916443	611.262923113	960.161927706	686.955063322	885.119100957	877.784712217	938.29274662	905.457299497	651.888912909	1013.30373703	720.229859922	727.30250351	784.027806912	259.85700534	1053.31643146	1031.55834339	1181.45163433	1183.24877439	475.997938168	849.314812932	540.188260652	601.58015654	459.136544893	478.30851743
957.077162924	1002.4488852	0.0	557.229469497	103.144402146	84.5329002105	321.416128095	890.754386301	643.053518493	613.110776511	404.660971602	55.554759745	92.0015530106	178.75780888	168.894877565	542.206583764	854.176354976	779.255008566	800.036036949	112.684214799	152.522005013	191.569626748	1178.94247005	1140.57009527	1088.20949331	1068.47008018	468.887314599	398.853837525	1019.45400164	1077.24386259	1093.93789201	1005.6469585	667.101074635	1169.46255093	1173.98977397	1272.30490263	1289.38669332	824.997826467	489.052919511	266.820354978	365.534217675	289.1882507	345.673787502	377.468372457	312.625204176	726.840546374	729.534927669	610.781551294	687.844015066	219.79510641	116.67402221	453.680198705	465.209121045	745.505824063	800.951070379	887.040875478	290.317948438	392.670933439	924.561730225	924.61614549	431.725664944	394.633902196	150.568522703	344.657409947	190.043018642	267.029422576	256.461666991	259.042323041	354.751106256	77.7434089752	290.272438158	276.718834631	220.12674653	748.154143034	322.250683597	272.2857757	335.274646415	347.851919094	566.295434052	165.346269611	502.324612085	441.286881197	1449.39067066	1470.37148457
400.733653871	445.416392088	557.229469497	0.0	492.262279425	504.027085432	523.392884627	333.961604898	115.113509708	133.678423753	277.842209019	610.915704192	601.741724168	638.752069388	633.143020049	890.71080218	313.296153608	235.321452442	264.393008378	451.403169893	585.81258844	589.590185779	647.0837868	616.148198748	594.816599453	579.09047918	292.762559344	497.405592891	465.514244205	543.268475192	542.913273207	474.476116542	213.757000279	613.531631433	619.073783356	715.610702496	733.086976357	267.794753206	68.3897903866	356.780813896	246.529274642	317.087640575	308.061311495	320.655532839	591.917354837	177.712094013	190.243094718	73.4485928491	156.838926549	432.613296953	458.234955479	458.867125728	538.586950397	292.544813441	318.448746805	396.672767565	424.563207351	446.58779828	377.634419949	418.882040507	125.62289267	167.452063925	526.531311296	263.256775289	447.98991981	455.605533574	515.573635317	491.871796978	212.019283808	571.732349486	280.82730403	281.973455028	338.650263398	197.698228652	648.936126728	617.836163537	756.095742801	759.979589351	152.275499968	407.652623244	170.561853398	206.014534904	897.128853979	917.560223566
892.516047507	936.180374909	103.144402146	492.262279425	0.0	18.6597567669	374.999137749	825.445942339	567.091821538	531.663510304	390.900784395	153.425177199	109.742472261	159.892129584	151.857427428	501.262220915	776.000445141	703.277558178	721.215118218	115.778502447	240.754396611	275.962115285	1094.95238509	1054.94703551	997.30530635	977.165118889	459.392467288	439.767450467	945.989478005	994.582239994	1017.96537931	922.850098583	579.469705259	1097.44456715	1100.70108965	1206.56679037	1224.48833824	757.546914081	424.120904015	265.111309062	277.536334636	197.71840353	248.979098406	374.281240273	383.81990302	653.751682291	653.195034761	552.7316173	633.937507508	246.382207207	37.0451756692	481.567859229	509.052586911	655.004426053	712.556199428	798.081546435	316.741113931	421.96856089	847.781458895	837.477318681	367.747642285	325.118271709	218.001573661	319.037638584	86.9009400743	165.299217825	163.934237255	307.98620985	307.122342643	172.000280194	253.362274176	212.463749419	158.244190843	688.330674819	404.625841995	353.963809904	309.433821002	319.055549987	526.265997895	158.794460569	466.878869053	411.156429164	1389.34541814	1409.81555097
904.609256707	948.606592904	84.5329002105	504.027085432	18.6597567669	0.0	364.732695892	837.634851861	581.038532938	546.603118945	392.627567132	134.925757494	98.0690671119	157.357759268	148.698250879	506.208653777	790.505582168	717.339190738	735.808095963	109.325363347	224.420882863	260.342365983	1110.59746726	1070.86968763	1014.13253561	994.057890366	460.625041279	431.921879876	959.719999667	1009.97075701	1032.17148574	938.242675444	595.59098951	1110.96923235	1114.45367197	1219.00200506	1236.77869897	770.081450169	435.736349309	263.645943764	293.379915307	214.073082229	266.544314259	373.96548767	370.67417007	667.243849422	667.287745643	563.290258957	643.841011303	239.640564513	45.7999317039	476.144144931	500.91476446	671.679353842	728.876186607	814.528919714	310.739258107	416.073451418	862.06814436	853.614467733	379.017894634	337.343764497	204.427519678	322.572878388	105.537312084	183.322153663	179.180149684	298.108901536	314.875721082	154.512975298	258.548877791	222.928145905	167.479413789	699.397813606	389.700046625	339.030833435	310.542173271	320.81592639	533.381420752	156.201773624	472.973596887	416.048595197	1400.81395093	1421.38040029
870.960328226	919.841824405	321.416128095	523.392884627	374.999137749	364.732695892	0.0	812.681500054	636.715799347	635.304026891	253.134479705	333.125223668	413.378872746	499.924541426	490.066973673	862.923338938	832.920290507	755.505880781	786.753284077	261.726504152	196.383898476	163.493010166	1165.34337308	1137.28870654	1117.55768422	1101.27131905	277.935307002	88.9380117507	965.181698286	1061.90659994	1046.27700649	995.111131029	711.217494882	1100.88644727	1110.59479031	1173.93787269	1187.12221785	761.284186769	471.932086883	188.279965132	473.052143345	437.502590266	498.244830685	207.666921235	74.6129327385	696.85883255	712.998923073	540.832727168	590.364249677	141.99835653	352.547233746	162.599261031	146.556931941	796.356665088	834.831669341	917.037406246	103.261952565	113.695836595	891.307873503	941.875587384	429.163323848	424.578743003	171.378475121	264.346817367	433.669503647	513.304248604	533.087075838	67.3492943835	333.73575084	256.901888097	281.785584692	350.087214053	329.788012929	663.839943587	134.18184347	125.135461028	656.685069644	669.249644765	444.075438027	237.508010634	381.770129641	324.735804154	1323.76920786	1345.98910906
67.2782719618	111.863862199	890.754386301	333.961604898	825.445942339	837.634851861	812.681500054	0.0	273.217175829	326.255891149	560.698025934	944.019171629	935.107663854	968.21006019	963.161319337	1188.06466026	151.833233385	162.88401745	177.59705134	783.43365666	908.387658921	906.935784753	382.502438252	371.549256825	412.719373841	407.884063681	540.447085942	763.256479766	158.737870371	290.249070783	239.801502242	247.192157577	335.647877751	288.665771148	297.916024197	381.661200306	399.169300321	70.5376565735	402.348933664	672.39517584	565.497848234	642.685768284	620.316372419	606.055534944	886.21922892	185.357323676	201.844744771	283.676999494	222.31780809	748.771750633	791.876139893	703.581566957	783.261081126	335.582672059	293.42784683	299.929380408	724.91635373	714.321975504	136.944077489	278.23317774	459.552808643	500.356466576	848.875468563	575.981186191	776.083270753	771.787709103	832.407359725	796.156749175	540.041052507	901.477689409	608.418120327	615.931287103	672.610022311	149.561181084	945.619311005	922.582576566	1075.57869885	1077.85606094	368.700589613	737.466882152	431.592333192	492.087497329	566.111675979	585.962620478
339.51623704	377.988782735	643.053518493	115.113509708	567.091821538	581.038532938	636.715799347	273.217175829	0.0	58.4101712516	392.909929067	698.076066832	676.468853871	701.943879334	697.554983055	915.94872424	211.483636218	136.379432527	158.319775876	543.360731696	687.458208094	694.406160213	542.042061003	508.221777922	480.843264213	464.709666296	406.160979923	612.482221849	379.018440884	438.659500557	451.31010175	368.154093685	116.101306843	530.82569273	533.672187768	645.870558296	664.948862419	202.684166429	167.580563005	465.03289119	296.708581707	376.164388788	348.466249189	435.462137247	704.075523144	89.2257995911	86.4890667486	137.960496422	183.648736518	539.579303172	536.004951793	573.416569869	653.39377245	183.845872195	203.79344554	281.637713437	536.659719098	561.680407584	281.547724504	305.239207888	220.140278176	249.355282029	628.897707145	374.239670591	509.862630872	499.797784107	560.318124999	602.454689775	315.632839655	666.393681341	382.757931625	367.073273152	423.142124106	178.134249733	760.332721755	727.390799498	803.497668242	805.415563598	251.578758227	504.250437885	282.630307308	321.120047624	837.040697195	856.296032393
391.469292842	427.556227529	613.110776511	133.678423753	531.663510304	546.603118945	635.304026891	326.255891149	58.4101712516	0.0	401.029423138	668.559671412	640.034520329	660.036474001	656.188533004	861.810988985	245.3686946	177.33632128	190.341302566	518.502959776	669.241519561	679.403523472	565.951144962	528.590846038	488.23853235	470.458471343	423.661195759	619.145717821	420.070600136	464.149708466	488.200597466	392.536468016	80.6638644514	572.320161534	573.653298678	692.55117321	712.153500611	256.097386877	164.570999475	456.315661172	255.923299108	336.522330962	302.395667034	440.935112191	699.607733515	140.933987476	128.566091272	179.479669575	237.247924404	528.342216288	502.475486457	586.607260524	664.985862922	163.108304763	200.445643994	284.985443961	533.197524373	568.924470399	318.107788309	316.330637419	207.698819355	226.654887655	611.819619973	370.957326523	469.069264315	452.53599446	512.667178533	595.728229354	305.086578106	642.360586355	368.691246131	340.954886244	395.276280059	236.47924082	754.105612853	718.253400218	755.339165211	756.639553584	283.767201215	483.397585981	303.37206043	332.038563568	886.43444328	905.256385655
620.350644616	669.06303342	404.660971602	277.842209019	390.900784395	392.627567132	253.134479705	560.698025934	392.909929067	401.029423138	0.0	446.341484169	481.474905688	549.901378282	541.322545718	880.99061909	581.746028738	504.912965835	537.308699118	294.486419043	366.863859491	356.650213594	913.07339514	886.088816094	871.839839891	856.504611881	69.1865133126	219.572742816	712.195840668	809.864370809	793.212012727	743.899878148	480.660316845	849.277692066	858.522291673	927.55763679	941.719162341	508.209520007	237.49279289	138.823308865	315.799055389	324.721219265	366.651548853	45.4980589555	325.852812439	446.270769829	464.361283528	288.140964792	338.590717539	205.268868682	354.730990886	188.20162663	264.442135015	564.129193334	595.474809951	674.514491981	165.742708347	168.800057205	638.663029603	695.840954076	210.650935204	228.536250279	310.128197351	79.0131643538	399.275696602	454.673122467	499.666071634	237.410163205	141.913321165	383.115835193	148.425694307	226.767045032	252.612396813	411.422542936	385.074706119	362.680824273	699.500507134	708.37181978	193.473034667	241.381886501	129.112858343	72.7496044319	1085.87359545	1107.78810891
1010.14061284	1055.798277	55.554759745	610.915704192	153.425177199	134.925757494	333.125223668	944.019171629	698.076066832	668.559671412	446.341484169	0.0	99.5343989071	183.840657364	174.489163123	542.538212364	909.306207276	834.19414846	855.243156426	161.896403056	144.533543362	184.430161358	1234.4287755	1196.1106736	1143.62204586	1123.84854892	508.199309929	416.13502884	1073.96535873	1132.67175924	1148.75036671	1061.09025118	722.633875685	1223.7011212	1228.41709429	1325.39285333	1342.29900026	878.705355577	542.898894942	307.528481969	420.96204197	344.201121361	399.816229038	415.851302871	311.696688291	781.473343408	784.53987143	663.085368878	739.064743375	251.371477485	171.261092441	476.929493966	479.444250748	800.909161296	856.473288013	942.54917506	318.540810545	416.415775646	979.524009245	980.168949527	485.604590354	449.336894789	163.955966258	390.952444455	239.44638359	312.404478192	294.179028694	276.360537251	406.224272398	76.350276278	340.301045996	331.354181743	274.961883193	800.52992799	310.874649642	263.364755191	332.283601399	345.980480125	614.502437452	212.390908761	549.664665728	487.637271379	1501.17197677	1522.26003249
1002.15061479	1045.89732299	92.0015530106	601.741724168	109.742472261	98.0690671119	413.378872746	935.107663854	676.468853871	640.034520329	481.474905688	99.5343989071	0.0	87.6766028037	77.8832478095	450.951688499	884.818097617	812.53918072	829.946370435	187.797783577	237.689678984	277.694953182	1201.69669206	1160.98681567	1100.12915523	1079.70132904	548.01000412	490.557404681	1055.44723401	1101.93487734	1127.04998309	1030.22135055	685.324835963	1207.0028353	1210.13384451	1316.28814474	1334.18296899	867.276076652	533.515708731	346.964701168	384.775226976	304.248767876	350.364359585	458.457914643	402.096072081	763.35573896	762.443424848	661.353812759	741.866799458	308.008801754	143.780404193	543.911819158	557.148198387	758.867277907	817.630450627	902.626490312	379.374629772	482.91971441	956.814967923	943.017101289	476.924597414	434.753226793	242.316638147	415.111607554	178.103181946	236.071728349	205.964110386	350.940710294	412.125752794	163.330104503	353.694063014	320.97288225	265.506526741	797.391054593	406.971438077	358.13292397	243.311465235	255.993108743	629.858492171	240.330874745	568.46605306	510.155263652	1498.69849838	1519.22528833
1035.48828166	1077.38204101	178.75780888	638.752069388	159.892129584	157.357759268	499.924541426	968.21006019	701.943879334	660.036474001	549.901378282	183.840657364	87.6766028037	0.0	9.86331328104	363.488975627	905.179822529	836.142186255	850.155080817	262.702121198	325.020697214	365.083032213	1212.25906884	1169.52531696	1100.89954648	1079.94928353	617.978435223	575.429265982	1079.6403434	1114.93507235	1148.02461679	1043.58797821	696.373799693	1231.86124752	1233.61624424	1346.99889619	1365.6302366	898.928061282	571.78932255	420.281680941	405.305250534	326.032270709	359.495611764	531.054404753	489.772042945	790.579135809	786.264754315	703.091330252	785.928848337	388.996143689	196.836335416	626.1285069	642.717060729	764.215794015	825.395025855	908.454454684	460.70773081	565.316316612	978.102856217	951.162980068	517.199868955	471.779758063	329.325459725	478.874056371	192.27910316	220.370424617	171.840076593	436.547042403	464.770188224	250.934349308	413.121113469	366.292873894	315.179150478	836.342804909	493.823504981	445.336776971	157.567985063	169.572611875	684.161195158	312.579651791	625.919787138	570.909644836	1534.1123075	1554.1267024
1030.43642103	1072.5337355	168.894877565	633.143020049	151.857427428	148.698250879	490.066973673	963.161319337	697.554983055	656.188533004	541.322545718	174.489163123	77.8832478095	9.86331328104	0.0	373.346588555	901.438933409	832.027174633	846.40516588	253.425147904	315.336956208	355.389018951	1209.67474269	1167.15093086	1099.36237809	1078.46356352	609.295484144	565.639872135	1075.55598947	1112.05905392	1144.30086347	1040.64974835	693.509904401	1227.74574525	1229.64690602	1342.29100574	1360.84864802	894.003403682	566.000270096	411.247303996	401.065291616	321.452924292	356.337119138	522.126054476	479.976057131	786.062574704	782.100684372	697.055072289	779.70466746	379.41125193	188.872135758	616.500818476	632.896133563	762.020784455	822.971810947	906.285098983	451.117091549	555.671356103	974.292665496	948.75809779	511.161113546	466.002053177	319.462357464	470.649753034	187.69596859	219.351688087	172.72529453	426.718114245	457.512413976	241.17884689	405.208393286	359.557581848	307.94257351	830.649199915	484.240985192	435.685473293	167.327138849	179.392709921	676.904884375	303.540045872	618.342928995	563.005315054	1528.9431295	1549.01329283
1253.04337653	1287.21311494	542.206583764	890.71080218	501.262220915	506.208653777	862.923338938	1188.06466026	915.94872424	861.810988985	880.99061909	542.538212364	450.951688499	363.488975627	373.346588555	0.0	1087.67661534	1033.77101803	1035.92324133	615.527553876	686.482603286	726.56242235	1344.07457204	1295.93196496	1202.09778969	1180.41785405	950.155901795	936.212248515	1265.29470732	1260.1620395	1319.64992563	1193.90904324	866.367839629	1413.51275483	1410.45802451	1544.93700967	1565.55103989	1117.82189109	832.891921978	764.755648508	645.590138532	586.540034624	582.859979592	870.888737135	852.572088244	1002.71768187	988.255878082	963.046678605	1047.42084276	745.66585021	533.612481419	982.340811314	1004.34953015	908.012772675	971.643079087	1041.06881256	816.931484787	922.259332937	1159.23491609	1088.86530601	788.50565693	740.488749445	692.746632118	803.792155172	482.292964122	441.920301245	386.919511455	798.678063332	768.396381965	613.515540512	733.993097057	665.805369695	629.145049059	1080.60113816	853.029957421	805.902928492	210.58280188	196.612110356	977.748460281	659.890285686	929.910336264	885.019818652	1743.47331712	1761.3075803
193.415044621	211.143742075	854.176354976	313.296153608	776.000445141	790.505582168	832.920290507	151.833233385	211.483636218	245.3686946	581.746028738	909.306207276	884.818097617	905.179822529	901.438933409	1087.67661534	0.0	77.9782266046	55.0368139601	754.809024276	897.061438677	902.330458336	333.80595925	304.409814395	303.691535247	292.933467658	579.459952402	798.070445339	178.264095386	229.991833825	242.863315075	162.208070927	221.380931193	329.401108434	329.396303547	457.260601365	477.920031759	120.480680079	375.324556053	670.072795881	501.251589568	581.800898136	546.587274549	626.544436422	903.115296124	136.251527611	125.479545798	294.924296063	274.142684442	745.805851926	745.864468653	748.846120061	829.977970816	195.667031143	144.892572492	151.300632021	736.272640579	747.331990854	73.2382941085	140.079516493	430.177218652	460.838904255	838.125609776	576.207284114	714.430068978	695.152624559	754.644830902	804.573279789	523.567392169	877.707475304	591.724438214	578.512413934	634.458692787	208.045602492	960.837915615	930.854341836	995.897184944	996.335865441	406.836760437	715.122599646	457.959715926	509.111508121	656.636164976	674.007762155
222.429365173	253.513490503	779.255008566	235.321452442	703.277558178	717.339190738	755.505880781	162.88401745	136.379432527	177.33632128	504.912965835	834.19414846	812.53918072	836.142186255	832.027174633	1033.77101803	77.9782266046	0.0	36.8002891652	678.593030166	819.514687603	824.487877335	411.782716475	381.83245856	373.072758727	360.250578587	504.951693438	722.078752679	243.537763743	307.967747698	314.930686538	239.738078411	173.288765951	395.722694572	397.889384197	515.503028735	535.285991121	101.354139023	297.764668611	592.100930111	430.988496022	511.087822211	479.586140874	549.520410574	825.448091805	58.671966023	50.0991264634	219.630956976	209.872106919	667.861337319	672.356081883	674.518027107	755.610186961	178.709765581	151.136167811	195.416158632	658.496727725	671.254088944	145.341047274	200.488809077	353.048491378	385.056315942	760.501579944	498.253958338	644.480835266	629.871687152	689.97886006	726.663854766	445.848985833	801.147398472	514.137011984	502.976993528	559.232265596	154.024698837	883.063204232	852.905047527	932.528764472	933.674424327	334.021037178	638.172026038	382.466768646	432.196806249	710.772180099	729.234731857
230.643682149	255.65022121	800.036036949	264.393008378	721.215118218	735.808095963	786.753284077	177.59705134	158.319775876	190.341302566	537.308699118	855.243156426	829.946370435	850.155080817	846.40516588	1035.92324133	55.0368139601	36.8002891652	0.0	701.486441829	845.418645535	851.605121603	384.11757518	351.828059434	337.767818222	324.472911896	539.373575412	755.267957767	232.025365961	280.538317413	297.899212887	210.571256132	169.924683032	383.754086298	384.150745105	509.484339015	529.870093419	125.336836242	324.186817866	620.491141956	446.241245917	526.805484083	491.648121064	581.599362976	856.029897654	92.1831100949	74.2060945044	254.057831625	246.672048893	695.794951172	691.25844568	708.935014882	789.96864809	157.986197996	120.874631855	158.832496892	688.791645478	704.387641605	128.060851318	164.163905757	378.119479004	407.385607419	786.69275593	527.627842519	659.396118013	640.441371885	700.039182826	756.257960893	472.619295346	824.648707328	540.34365699	524.799968917	580.540588215	189.669211021	913.259907461	882.108912814	941.56838953	942.148385405	369.434867315	662.56035681	416.365711455	464.560350977	707.603389131	725.386665414
849.269807306	895.282933556	112.684214799	451.403169893	115.778502447	109.325363347	261.726504152	783.43365666	543.360731696	518.502959776	294.486419043	161.896403056	187.797783577	262.702121198	253.425147904	615.527553876	754.809024276	678.593030166	701.486441829	0.0	164.821885846	190.09704382	1083.58551521	1047.04492712	1001.58250239	982.522896079	360.393600979	324.031912502	916.110874609	980.894544095	992.060363735	909.684065458	578.801151908	1064.89672826	1070.17088398	1164.46783386	1181.18573088	718.894197189	383.931771332	159.193794789	284.952057512	219.473078347	282.161245141	270.679330193	278.990290408	624.466497377	629.453744618	501.657878971	577.185270352	130.670210263	90.8313429061	366.819096171	393.381921016	660.367503325	712.411821086	798.670423789	201.466818069	306.7986386	823.807525967	833.718293096	326.938569499	294.107568215	121.347375971	232.121791896	174.181360377	256.058956485	271.469544164	194.386210223	244.50677856	123.909640009	178.450968285	177.54846759	124.844020538	639.094354533	308.885384884	259.454147526	418.490525306	429.216874229	453.739296043	53.252864445	389.64468692	328.675445218	1339.36646447	1360.48648808
971.997985197	1019.64681408	152.522005013	585.81258844	240.754396611	224.420882863	196.383898476	908.387658921	687.458208094	669.241519561	366.863859491	144.533543362	237.689678984	325.020697214	315.336956208	686.482603286	897.061438677	819.514687603	845.418645535	164.821885846	0.0	40.1018643442	1229.46497759	1195.23876676	1156.35158306	1137.86160077	418.133070475	283.717150825	1049.98110502	1125.95658579	1128.3673253	1055.61190548	734.473571865	1195.08413819	1202.04829657	1284.81887479	1300.16730401	848.061055319	521.759186864	237.141739264	447.613568087	384.284473069	446.958600289	327.624436418	167.268815309	763.037184216	771.849383509	624.961891542	691.797675524	162.535097008	235.856318324	351.672422767	342.386851306	817.650354087	866.966514422	952.886711812	211.205066214	293.850970978	963.264307505	985.567390941	467.338492386	442.595122935	59.5409312272	333.008846563	321.77861782	403.907988321	403.425218753	150.925034676	373.894350685	75.1037507167	305.38254388	332.639109517	285.663579962	759.932531295	169.921808506	120.494096707	476.541780967	490.092415485	554.005454092	186.802120059	487.369021196	423.718930109	1449.85748878	1471.57001626
969.553454126	1017.61448578	191.569626748	589.590185779	275.962115285	260.342365983	163.493010166	906.935784753	694.406160213	679.403523472	356.650213594	184.430161358	277.694953182	365.083032213	355.389018951	726.56242235	902.330458336	824.487877335	851.605121603	190.09704382	40.1018643442	0.0	1235.6497696	1202.62721823	1167.49765621	1149.39697635	403.087590722	252.137116734	1051.35589542	1131.93161536	1130.52313833	1062.14168788	747.119156042	1194.71542192	1202.30567435	1280.77405407	1295.63318593	848.342261787	527.419246884	234.806973424	466.859603817	407.712559221	470.905195278	315.067084892	127.895131307	767.283400862	777.64955522	624.546956019	688.087974475	158.268306449	267.958437544	322.946555539	307.770338061	831.093431046	878.533855605	964.047902921	194.583602922	267.218608197	967.134032555	995.289414545	474.605263806	453.457035452	70.84080328	331.168783732	354.520067298	437.104976311	439.511573424	127.614208501	378.986958236	114.725866022	311.777236764	348.161429752	305.116716576	757.777487283	130.748592478	80.7593616183	516.570626196	530.147552029	547.377977539	202.785444561	480.966436405	417.781022413	1442.33276449	1464.19635671
352.249439858	314.0656597	1178.94247005	647.0837868	1094.95238509	1110.59746726	1165.34337308	382.502438252	542.042061003	565.951144962	913.07339514	1234.4287755	1201.69669206	1212.25906884	1209.67474269	1344.07457204	333.80595925	411.782716475	384.11757518	1083.58551521	1229.46497759	1235.6497696	0.0	50.0146283373	167.297216144	185.196879747	905.440505919	1126.78437176	227.798559182	103.815746562	157.610157313	173.991622232	516.740660184	202.387683992	183.049441359	324.783906903	344.402813106	413.027590416	708.263476089	1003.83927525	817.424995122	897.617836817	854.01254623	958.224635953	1236.1687981	469.886599238	458.000252364	624.96454937	588.547073346	1079.47342686	1067.21934215	1073.35006674	1154.19409614	449.558571275	387.155670804	306.982143674	1069.64693407	1076.40591062	274.831435519	261.787036315	762.127244883	789.800042634	1170.79417768	909.98383377	1026.35186048	994.644648086	1051.18983393	1138.24996222	856.685530258	1207.19022165	924.460252858	906.207818193	961.077615487	514.825891378	1294.16079132	1264.61474341	1284.45047311	1282.66097366	731.092598091	1046.0077863	786.925267195	840.787126022	503.966846015	512.108995501
349.744610767	316.583271906	1140.57009527	616.148198748	1054.94703551	1070.86968763	1137.28870654	371.549256825	508.221777922	528.590846038	886.088816094	1196.1106736	1160.98681567	1169.52531696	1167.15093086	1295.93196496	304.409814395	381.83245856	351.828059434	1047.04492712	1195.23876676	1202.62721823	50.0146283373	0.0	119.552320844	136.339339638	881.770983745	1101.75517523	225.079915811	81.420611489	167.981784756	142.203680142	475.669960851	232.462301926	214.496193354	363.693177018	384.084578129	394.080875051	675.442586407	972.257730129	777.493683736	857.327370144	812.211395893	930.937638569	1207.25807336	440.446394734	426.034039211	598.694724828	568.053971537	1047.3929716	1027.93107422	1050.58446751	1131.63857143	405.609360779	344.195233688	261.896367936	1040.2175605	1051.12338089	252.46575641	218.405643314	728.215484755	753.996763977	1136.91019736	879.404951112	984.885139746	951.153077003	1007.15206341	1108.00936075	823.770508996	1170.85681538	890.954553169	869.50338255	923.796888676	495.483240841	1264.76590379	1233.93269718	1239.0192591	1236.98833272	707.901826087	1010.74305886	761.509046906	813.489130177	548.52345018	557.522573355
409.502157095	387.397294972	1088.20949331	594.816599453	997.30530635	1014.13253561	1117.55768422	412.719373841	480.843264213	488.23853235	871.839839891	1143.62204586	1100.12915523	1100.89954648	1099.36237809	1202.09778969	303.691535247	373.072758727	337.767818222	1001.58250239	1156.35158306	1167.49765621	167.297216144	119.552320844	0.0	21.7008098623	876.900251723	1090.90932302	294.449320718	154.741612602	262.491845471	166.615454495	422.781474725	343.086217198	326.757268399	479.84235417	500.699184418	415.128076964	646.82679218	943.380426557	722.675453121	800.255464952	749.798460316	915.293437176	1184.54569879	429.911368883	408.309486238	591.74406671	577.820796483	1016.30117049	973.072268485	1046.3991731	1127.35404554	342.715643916	289.437418907	203.491626965	1017.22464064	1039.99370589	277.469813171	176.003101235	695.092614228	714.173441247	1099.48775781	854.603620467	922.260983575	880.699339432	934.053509044	1082.04463	792.414748251	1125.25191555	856.889571437	825.110975794	876.865713804	510.694353966	1240.27552543	1205.78979101	1158.84382387	1155.73445776	707.064660594	969.809795994	753.519711137	799.305282889	667.670735644	676.933609771
408.194576895	388.501230376	1068.47008018	579.09047918	977.165118889	994.057890366	1101.27131905	407.884063681	464.709666296	470.458471343	856.504611881	1123.84854892	1079.70132904	1079.94928353	1078.46356352	1180.41785405	292.933467658	360.250578587	324.472911896	982.522896079	1137.86160077	1149.39697635	185.196879747	136.339339638	21.7008098623	0.0	862.833696578	1075.78350185	296.424160993	162.129717891	270.212553835	164.51466804	403.805184639	354.231201043	338.557842632	492.788228852	513.863589446	406.743435938	630.044200774	926.143174207	702.959192192	780.276156103	729.422522483	899.719798349	1167.8485584	416.397565288	393.88576513	578.011705801	566.658047113	998.745903978	953.173506623	1032.21974129	1113.08392834	322.997346875	270.93042464	185.473099559	1000.62047558	1024.87750034	271.55511639	161.149960887	677.676068843	695.967609517	1081.18243726	837.950054763	901.771456916	859.703145443	912.891077423	1065.03168313	775.058390079	1106.1108731	839.145490932	806.293544114	857.751109972	500.707711661	1223.33260706	1188.44229877	1137.3335539	1134.18955341	693.894796686	951.224626618	739.227430615	784.086799135	682.712353967	692.437583835
596.199532767	645.146191173	468.887314599	292.762559344	459.392467288	460.625041279	277.935307002	540.447085942	406.160979923	423.661195759	69.1865133126	508.199309929	548.01000412	617.978435223	609.295484144	950.155901795	579.459952402	504.951693438	539.373575412	360.393600979	418.133070475	403.087590722	905.440505919	881.770983745	876.900251723	862.833696578	0.0	222.890940155	696.148725971	803.464817919	777.715654945	740.273622336	504.315563148	826.988420914	837.593424341	896.276362749	909.291308324	494.388973224	267.005269935	202.091368266	374.061466268	389.918926166	428.281144487	92.5509302093	352.543534863	447.203198716	468.991439754	285.367225174	319.536256621	260.796054471	423.410885472	169.573996418	250.658971049	585.051018748	609.872068429	684.789929756	208.5062902	173.978563289	630.779033899	701.693921735	253.244265593	280.029983623	364.063955966	147.219269193	468.335618582	522.540128635	568.381378736	277.808399577	201.99020916	441.894259293	217.064757345	293.524668982	321.571307708	393.967475971	412.102728681	397.20991166	768.303455446	777.283043235	174.391159567	307.685456692	123.99507842	98.3728172735	1046.70361917	1068.85635058
818.303697671	867.227733272	398.853837525	497.405592891	439.767450467	431.921879876	88.9380117507	763.256479766	612.482221849	619.145717821	219.572742816	416.13502884	490.557404681	575.429265982	565.639872135	936.212248515	798.070445339	722.078752679	755.267957767	324.031912502	283.717150825	252.137116734	1126.78437176	1101.75517523	1090.90932302	1075.78350185	222.890940155	0.0	919.011608525	1024.27819334	1000.56664255	959.797719073	697.989198699	1049.25358066	1060.1243564	1114.42443041	1126.59102104	716.889989222	454.716231099	209.323953416	490.925923062	469.146264342	525.848191371	178.211904099	152.0438223	663.630058442	682.919551536	503.175859983	542.375899235	194.031268783	412.890207372	76.6670095958	69.6265821677	782.158143157	814.894602271	894.07735557	128.32132214	50.916379504	851.955034711	914.954354462	420.323183885	425.797876644	252.314574123	256.965017767	488.01362111	563.579927945	590.561278054	140.242242822	332.14674821	339.842468675	295.149927657	373.599345873	366.2977721	616.779396053	206.744241695	209.906866319	732.947113441	744.960528661	396.673387586	288.92430602	340.246376713	291.71304095	1257.05656046	1279.41228423
125.055396803	93.5566738571	1019.45400164	465.514244205	945.989478005	959.719999667	965.181698286	158.737870371	379.018440884	420.070600136	712.195840668	1073.96535873	1055.44723401	1079.6403434	1075.55598947	1265.29470732	178.264095386	243.537763743	232.025365961	916.110874609	1049.98110502	1051.35589542	227.798559182	225.079915811	294.449320718	296.424160993	696.148725971	919.011608525	0.0	147.886857959	81.6018799355	136.500304711	399.409440087	152.258961152	154.735977122	280.256223355	301.321340914	204.142915437	532.261221046	816.654829232	674.525938682	754.598544731	722.426184805	757.692930874	1038.01128084	292.741535249	293.532897901	427.576340587	376.640381834	893.198447526	914.492532454	860.909980977	940.935093139	364.025835935	304.163686572	264.580825057	874.407211839	869.562847588	106.066230783	222.724384472	589.173048304	624.86713676	990.499755659	720.551301798	888.01857815	871.984474551	931.765574552	944.985030464	677.099394486	1037.16195922	745.988653399	742.735178785	799.378207779	302.284550671	1097.08672422	1071.80057479	1173.542478	1174.16822487	522.769270379	873.14818286	583.423874599	641.796287654	481.330669608	497.92525582
270.982571072	241.112685044	1077.24386259	543.268475192	994.582239994	1009.97075701	1061.90659994	290.249070783	438.659500557	464.149708466	809.864370809	1132.67175924	1101.93487734	1114.93507235	1112.05905392	1260.1620395	229.991833825	307.967747698	280.538317413	980.894544095	1125.95658579	1131.93161536	103.815746562	81.420611489	154.741612602	162.129717891	803.464817919	1024.27819334	147.886857959	0.0	108.101299926	71.732144268	418.562757632	195.640957995	181.996601738	337.848633242	359.46502423	313.483531397	604.586686312	900.027166444	717.24735212	797.68933618	755.840190119	854.94314901	1132.57096654	366.102700978	354.298294983	521.867501913	488.145194285	975.679060556	966.253024536	971.857640764	1052.82646617	356.51980917	292.897756993	219.178417281	965.957222139	973.792380679	172.833272221	171.30285741	658.644981274	686.920031102	1067.22042851	806.181626909	927.554908636	898.719557486	956.130682378	1034.47911044	752.992226051	1104.37010897	820.850779371	803.672547375	858.816155704	415.117236711	1190.49175408	1160.81901148	1191.95224273	1190.73290955	629.27787134	942.82277964	684.185570313	737.477421009	534.498377215	546.425545803
199.033626958	157.584222941	1093.93789201	542.913273207	1017.96537931	1032.17148574	1046.27700649	239.801502242	451.31010175	488.200597466	793.212012727	1148.75036671	1127.04998309	1148.02461679	1144.30086347	1319.64992563	242.863315075	314.930686538	297.899212887	992.060363735	1128.3673253	1130.52313833	157.610157313	167.981784756	262.491845471	270.212553835	777.715654945	1000.56664255	81.6018799355	108.101299926	0.0	139.206652807	458.716550545	98.1666259559	91.3082092163	241.208355509	263.091714626	285.002557886	608.821865143	896.0110581	744.010922697	824.503599156	789.23945942	838.709230218	1118.95190919	367.597853119	364.917597417	507.699669713	458.190773495	972.509775727	987.253600409	942.495606772	1022.48906542	412.10713201	349.102321658	292.236912527	954.936625768	951.075420498	170.262251039	245.060777825	665.335287951	699.421067476	1068.95625378	800.113849549	957.269631168	937.151165386	996.310146276	1025.32668194	754.881875003	1113.81780324	823.727130466	817.406469407	873.832715496	383.804170862	1177.94512762	1152.16975644	1236.57474751	1236.55658776	604.235378532	950.081034397	664.577012607	722.544401244	442.609345555	456.716945566
243.680637958	225.713458987	1005.6469585	474.476116542	922.850098583	938.242675444	995.111131029	247.192157577	368.154093685	392.536468016	743.899878148	1061.09025118	1030.22135055	1043.58797821	1040.64974835	1193.90904324	162.208070927	239.738078411	210.571256132	909.684065458	1055.61190548	1062.14168788	173.991622232	142.203680142	166.615454495	164.51466804	740.273622336	959.797719073	136.500304711	71.732144268	139.206652807	0.0	347.24718052	237.009987705	227.837130131	380.390563103	402.274622391	257.621835788	534.726701358	830.95595329	645.521726402	725.973810352	684.372939345	788.735860614	1065.1835586	298.306783095	284.684226781	456.652834482	428.808059731	906.345963641	894.54334067	909.338512963	990.439937428	287.554258242	223.664352738	155.940237918	898.222218477	909.124651086	115.554166696	107.783944441	588.282573824	615.832281262	997.01341064	737.691087858	855.952874515	827.780801989	885.436886606	966.22780253	683.156152918	1033.24735992	750.749704828	732.366406528	787.384878645	357.573378493	1122.78589078	1092.30966009	1122.05140915	1121.04429264	566.741638588	872.019852566	619.564739011	671.290552431	581.452336158	595.131950003
395.581953669	424.485625733	667.101074635	213.757000279	579.469705259	595.59098951	711.217494882	335.647877751	116.101306843	80.6638644514	480.660316845	722.633875685	685.324835963	696.373799693	693.509904401	866.367839629	221.380931193	173.288765951	169.924683032	578.801151908	734.473571865	747.119156042	516.740660184	475.669960851	422.781474725	403.805184639	504.315563148	697.989198699	399.409440087	418.562757632	458.716550545	347.24718052	0.0	549.386364739	547.965401133	678.598857079	699.183764285	270.016230261	243.384236784	529.358406829	302.323855205	381.770049331	337.403246968	519.83894754	773.884701885	163.18072157	137.179285072	252.52482645	297.85737705	599.430957416	553.173946276	666.834983072	744.899588101	85.2001281391	133.925022445	220.163433167	608.517375949	648.003666023	293.532552366	258.024014057	282.08931974	294.155882078	678.280261887	447.229201546	509.61128889	480.937192914	539.171804955	669.144906855	378.604026241	702.491291915	439.325781375	402.518754141	454.101996527	279.789698627	827.293106949	789.828257983	778.12426091	777.922049322	361.893840774	547.713736901	383.892037182	412.293710917	877.393217949	895.03298973
230.999853399	182.147316117	1169.46255093	613.531631433	1097.44456715	1110.96923235	1100.88644727	288.665771148	530.82569273	572.320161534	849.277692066	1223.7011212	1207.0028353	1231.86124752	1227.74574525	1413.51275483	329.401108434	395.722694572	383.754086298	1064.89672826	1195.08413819	1194.71542192	202.387683992	232.462301926	343.086217198	354.231201043	826.988420914	1049.25358066	152.258961152	195.640957995	98.1666259559	237.009987705	549.386364739	0.0	20.0778440297	143.692834907	165.550943769	347.150536492	681.051446081	959.962868494	826.693050499	906.686112739	874.654969362	894.593248682	1174.60283214	443.726974536	445.657251464	570.299808805	510.727394744	1036.45870201	1065.62015513	987.056410295	1065.55871543	507.429398432	445.068498022	390.35474742	1013.57942139	1000.95557167	256.298211254	343.227206925	738.238018246	775.213934085	1135.54336855	863.557694243	1040.17300994	1024.067086	1083.76142183	1084.79737433	823.918415678	1185.0139475	892.725058578	892.844977356	949.585723518	438.201162267	1234.06129051	1211.24712418	1325.27285857	1325.73693264	656.815162981	1020.83142518	720.193661974	780.730003951	344.497505804	358.555958467
