
<!DOCTYPE html>
<html lang="en">
<head>
	<meta charset="utf-8">
	
	<meta name="viewport" content="width=device-width, initial-scale=1.0">
	<meta name="description" content="">
	<meta name="author" content="">
	<!-- <link rel="shortcut icon" href="../../assets/ico/favicon.png"> -->

	<title>071: Diameter and Degree Bounded Network Design Problem</title>

	<!-- Bootstrap core CSS -->
	<link href="/bootstrap/css/bootstrap.css" rel="stylesheet">

	<link href="/css/main.css" rel="stylesheet">
	<script src="/js/jquery.min.js" ></script>

	<!-- Enable table sorting -->
	<script src="/js/tablesorter/jquery.tablesorter.min.js"></script>
	<link rel="stylesheet" href="/js/tablesorter/blue/style.css" type="text/css"/>
	<script type="text/javascript">
	$(function() {
		$(".tablesorter").tablesorter();
	});
	</script>

	<script type="text/javascript" src="https://cdnjs.cloudflare.com/ajax/libs/mathjax/2.7.0/MathJax.js?config=TeX-AMS_HTML.js">
	MathJax.Hub.Config({
	  	tex2jax: {
	    inlineMath: [['$','$'], ['\\(','\\)']],
	    processEscapes: true
	  	}
	});
	</script>

  
	<link type="text/css" rel="stylesheet" href="/syntax_highlighter/shCoreDefault.css"/>

</head>

<body>

	<ol class="breadcrumb">
    	  <li><a href="/">CSPLib</a></li>

  <li><a href="/Problems">Problems</a></li>
  <li><a href="/Problems/prob071">prob071</a></li>

  <li><a href="/Problems/prob071/data">Data</a></li>
  <li>94.txt</li>
	</ol>

	<div class="container">

		<div class="page-header">
			<h1>071: Diameter and Degree Bounded Network Design Problem</h1>


<!-- macro to Not made a link if on the page the link links to -->


<header class="nav-header">
<div class="nav-container">
  <nav class="nav">
  <ul>
     	<li><a href="/Problems/prob071/">Specification</a></li>

     	<li><a href="/Problems/prob071/data">Data files</a></li>

     	<li><a class='no-files' href="/Problems/prob071/results">Results</a></li>

     	<li><a href="/Problems/prob071/references">References</a></li>

     	<li><a class='no-files' href="/Problems/prob071/models">Models</a></li>

     	<li><a href="/Problems/prob071/cite">Cite</a></li>

    <li><a href="/Problems/prob071.json" >Json</a></li>

    <li style="float:right"><a href="https://github.com/csplib/csplib/blob/master/Problems/prob071/data/94.txt">Edit Page</a></li>
  </ul>
  </nav>
</div>
</header>


		</div>


<a href="/Problems/prob071/data/94.txt">Download</a>
<pre >94
2430
2
0.0	28.225839697	66.1727615655	695.108095642	454.753176085	987.604931262	401.554101598	361.843053531	334.180763462	586.229863773	835.072598765	746.837757784	649.976302948	671.836450801	366.407316734	726.723827042	179.342299116	198.972661516	968.997387956	1002.94483589	179.583229214	192.703589978	235.656284927	797.684803176	943.374602264	455.52317607	833.727608404	844.253434048	757.779425646	369.312358312	368.986090459	416.049750706	413.292980433	825.636744484	141.620954296	283.372062338	219.384753266	265.535425071	348.185044031	257.45165057	268.362169254	343.435713899	360.499439393	122.238466545	161.825048212	801.192775017	690.420931383	650.335692168	629.501212304	950.712249604	941.511888267	250.42697534	337.282102103	281.695622276	1228.21074486	658.577366464	816.178128057	749.80548435	782.452286335	553.195283143	332.938531543	323.890972767	321.901656835	648.201832401	723.225749893	147.4821551	314.053161038	1043.50053024	513.459069439	950.603101113	956.22381704	597.222844052	802.714139828	782.696855999	863.031457998	853.079525698	813.361104053	592.721006028	845.016076558	933.876636545	900.8081828	654.660784538	936.897081754	917.898611009	239.89626921	1115.89206642	1118.19320397	560.595428006	547.960473331	499.640459268	518.100683144	455.14745118	529.144232336	540.547502195
28.225839697	0.0	39.9221363822	723.300927699	482.978371443	1015.82838296	428.448305425	389.488538824	362.150453248	613.950446777	862.370944725	775.02856872	678.124450284	700.043255318	391.469292842	754.928690929	206.146577554	223.405000246	996.800993363	1030.43642103	193.415044621	213.975233466	252.466735718	825.858634644	971.47693993	483.515751592	861.708365388	872.283837104	785.768728214	352.249439858	354.378518995	409.502157095	408.194576895	851.936205906	125.055396803	270.982571072	199.033626958	261.51567869	369.926575725	230.999853399	242.624728424	315.252815515	332.402510369	148.236876972	186.327276048	828.867476824	718.391371933	677.492974165	656.184827944	977.793913234	968.910283923	274.457568997	365.096300218	309.506208272	1253.04337653	686.092591216	844.273379059	775.261125123	808.939472754	581.420791271	348.770232535	338.302305645	329.507541932	675.029226032	749.970248716	148.684182652	317.528498485	1070.79753504	541.566303992	978.478016236	983.955447502	625.166880254	829.705284296	809.954428938	889.352713858	880.749331451	841.135969422	620.94126352	873.234687451	962.102452659	927.96673761	682.687244467	964.966270571	945.713426684	267.987743967	1142.46158466	1144.63664132	588.743417951	576.087550434	527.275856283	545.135294625	482.565776343	502.05623005	513.041431189
66.1727615655	39.9221363822	0.0	759.566918189	518.655390365	1050.9829591	457.470863327	421.144064719	395.331785704	645.59450313	901.22362118	811.306692038	714.801299084	736.127161113	415.921710068	789.671249463	236.038955283	247.809763368	1028.61025874	1060.88929049	200.854800398	232.71651258	263.078783757	860.150575881	1008.39876231	520.999303433	899.175714716	909.55915311	818.648491516	317.033485721	321.501528172	385.295234092	385.758047879	891.56267739	93.1625007996	241.040382472	161.6791159	241.960671256	387.707380519	191.385003357	202.748389998	281.937882709	300.045467385	177.112397933	211.455725807	860.162547067	755.909764005	706.953953273	684.179572709	1016.88489939	1007.63103482	297.469120027	403.120475055	347.55689204	1275.70758026	724.647744155	877.839469987	815.133307925	848.471128442	617.012770136	356.509993208	343.881661527	324.912290382	714.338151506	789.340791024	140.013526763	307.22029141	1100.50305583	575.387947696	1016.27128969	1022.10065847	662.785233737	858.492016899	839.652138677	916.080713235	919.025851442	879.191003298	656.771668635	908.240829968	997.524874546	966.979045961	715.849384	998.300678057	977.595214386	302.126358194	1169.76912689	1171.57129417	622.876308566	610.043340542	565.638303606	584.269676157	521.271838631	474.590437437	483.815236674
695.108095642	723.300927699	759.566918189	0.0	241.532596853	297.048408422	351.560837878	357.768426754	372.29683342	189.367907027	213.491013743	51.7397740888	48.5115728432	24.6396055309	426.359550094	70.46581966	533.77285704	543.843657127	330.113937235	386.636480596	647.484030851	579.886671433	608.189980332	131.761351617	251.000769451	244.116882462	152.888400859	158.58112583	145.565115851	980.655791396	959.180966016	914.514150661	896.81786116	279.966048817	799.279462539	876.959898364	877.647718233	802.028346357	505.635181743	944.820263597	951.553250139	1037.34391507	1053.24457677	590.205045822	570.124471387	214.654497689	61.1263541255	226.162203889	263.773928135	321.526925676	293.298664581	514.456239651	363.198965029	417.436749121	732.225828492	127.156960278	164.107375893	295.828508068	243.654624728	144.554848122	606.207906505	626.457999038	711.344945977	188.904463275	201.437514307	725.1644953	754.239536131	436.49799418	200.838482684	270.898419327	285.195158996	115.565062109	282.378767227	248.544908451	367.102185736	196.872855462	154.688271869	104.063179549	159.829006816	241.882970913	274.792879692	121.978440489	272.658049076	284.914692845	459.444946882	546.104949511	555.393894828	155.628801973	169.110130483	217.293352414	231.764390714	264.397382126	1208.26158771	1224.61246485
454.753176085	482.978371443	518.655390365	241.532596853	0.0	533.022933902	148.487525355	128.096736688	133.533962099	167.374107582	411.194645	293.197336789	198.777130064	217.738036343	221.327663088	273.267489268	292.765632376	305.99936782	528.304372744	571.299296528	412.059399256	343.867004087	379.750929521	345.420914515	492.007452877	57.1346514543	386.962530385	395.707284206	313.787685527	745.789676271	726.623739977	694.521394908	678.587299262	434.263392279	558.161512871	641.999187732	637.079325081	570.900355151	301.299914713	703.288692716	710.069846665	797.838867028	814.272158713	348.739894994	330.053147719	368.479834928	246.716092717	250.514609862	254.015623013	529.476283644	511.218818043	282.859518216	135.181421118	183.792197086	859.758947853	237.333791864	367.020328573	392.823286708	388.626170792	98.4471887054	397.984395024	415.446081446	495.398150408	258.036679185	326.243356621	486.399206643	533.746618808	616.774781972	76.3770285877	505.958450855	515.773247784	159.509301878	394.51235837	366.276912032	472.600075307	416.393101832	374.046613291	138.142932972	390.704852262	479.137614818	478.893078484	211.816679619	487.840216227	477.550945642	217.912396582	707.502332237	713.072989691	113.850428153	104.069837454	106.778065255	154.931836981	108.958431048	974.032302923	988.925153136
987.604931262	1015.82838296	1050.9829591	297.048408422	533.022933902	0.0	616.626493328	636.78505628	657.491766841	424.231980951	291.597147358	246.949864891	345.071315043	318.455366503	684.416235511	261.816675689	819.95483614	824.032825091	159.863680714	217.635804906	922.36656719	856.878091151	875.550083673	194.753670445	113.337044341	540.973320072	203.728617617	187.754209436	251.713537418	1250.15829186	1225.15975076	1164.04146359	1144.57849527	386.362738061	1083.99879181	1147.75776474	1159.9640533	1068.21418951	756.486298099	1232.61504222	1238.00202869	1330.84024274	1347.28867044	877.948292436	853.656102052	250.373843287	322.08809554	399.805409955	440.20571632	294.84584575	253.753166912	788.083621909	659.587524655	713.211348376	583.653056231	382.636311832	187.521768431	464.547269769	384.584643184	434.617012365	853.899495212	875.701518625	961.95163758	432.187449081	392.389575942	1004.33823144	1008.42199331	256.7497009	477.639235392	171.796320292	199.732456882	408.748392767	315.970868599	302.726598376	355.068018531	238.71137647	246.75485267	395.717216831	142.870476898	55.5046424729	288.996434663	344.126604055	103.459054712	167.611915475	748.989858606	373.126509863	387.047061464	429.569224212	442.876154403	512.555351854	519.607855534	560.159790318	1504.75402075	1520.66276154
401.554101598	428.448305425	457.470863327	351.560837878	148.487525355	616.626493328	0.0	57.1931495534	93.827576239	194.353756641	545.61437712	399.667125787	319.136881591	327.040195916	76.221279211	358.328545367	222.302309961	213.591327121	574.420312574	603.925783285	306.179170142	242.295362518	259.634992324	421.874101085	597.939541296	198.908781491	504.281864235	510.053978834	370.811145854	634.364746367	610.772434274	563.109152484	545.65762967	578.221412648	474.040278003	531.476086179	546.585814331	453.384272714	157.212267584	625.630930015	628.74755983	738.448893314	757.160596121	280.658409367	247.524905938	405.153017899	374.375685862	249.498861899	228.178619903	662.367466657	639.646080228	172.376438023	192.052918688	204.821528042	836.445495767	379.003671427	433.424608637	541.019162866	532.937876695	214.688008147	257.034630929	276.367718846	360.274023622	405.4442038	471.257846834	389.703134563	402.688831921	643.051363265	151.291679497	622.41095664	636.411380143	298.184583682	401.2750113	382.237050371	462.671105648	542.916172631	499.848114172	252.339275912	475.550842495	566.999579386	612.540849057	272.537097118	550.838949873	523.825764605	174.922690581	714.613307576	717.21204387	196.201187489	182.578941989	254.09046974	300.977145304	244.664946584	930.500999355	940.983955682
361.843053531	389.488538824	421.144064719	357.768426754	128.096736688	636.78505628	57.1931495534	0.0	36.952511893	224.521474809	538.585651074	408.180880097	319.712176669	333.185874442	103.373761891	375.311763243	185.55299569	187.515938169	607.511583549	641.225399967	289.723368859	222.292768248	252.869667911	443.126462072	608.159371336	167.408781608	508.149223798	515.554061967	398.086210576	623.016370677	602.234858047	566.56300424	550.523797715	561.831973211	447.315893223	519.269069664	523.339325158	445.570111317	178.263287065	596.890546258	601.610030563	703.080432291	721.062897354	244.495231157	217.07920022	439.379405882	371.413967352	290.542399708	274.581736949	656.680234956	637.171413664	157.141568593	137.199371463	147.669853012	887.52391843	365.430192743	458.46063044	516.104983149	516.132473248	214.251733214	271.601868229	288.292205004	367.376752595	383.70307777	453.578213861	368.643981292	405.722872183	682.344191186	159.729512226	627.255116959	638.892101731	287.123122357	443.595384345	421.925133062	509.52629794	541.479943572	498.722577522	254.400145834	494.180438498	585.130142832	606.208041249	296.030708855	578.223324277	556.47307166	126.001527702	759.098128105	762.397636831	207.795083703	194.258639675	224.999039935	268.621145279	206.486738024	890.512863151	902.380729377
334.180763462	362.150453248	395.331785704	372.29683342	133.533962099	657.491766841	93.827576239	36.952511893	0.0	253.162492523	543.437422711	423.528881105	331.42050818	347.989111449	127.723424929	395.688984466	162.528440847	172.513322264	635.134160058	670.851473291	278.611389608	210.401242224	249.101212346	465.276621625	623.297242581	161.230396254	520.004494273	528.34721255	423.620005439	612.278341028	593.396325953	565.643994762	550.606852218	560.320299415	427.576340287	508.498908437	505.415505024	438.181670944	194.47754528	575.159368101	580.87506207	676.967706223	694.475489373	220.511872911	197.851218765	468.076646094	380.249407226	322.952777858	309.051208979	661.831464518	644.450403519	151.682587119	106.476571283	111.092338408	923.05897578	367.447476793	482.508291264	508.843984847	514.600183574	227.742010814	281.023488029	295.715302568	370.471060521	379.812425334	451.889733866	353.299771629	405.752571379	712.863103823	180.29656844	639.106937019	649.253691125	292.069121259	475.933024048	453.184226097	543.62493167	549.874666247	507.573170947	268.234984278	514.625071383	604.889119212	611.158400867	320.602262138	603.006129358	584.005158621	94.8709043768	791.940030934	795.54890831	228.115661853	215.051574157	218.477483157	258.382356686	192.816941261	861.405811834	874.067628685
586.229863773	613.950446777	645.59450313	189.367907027	167.374107582	424.231980951	194.353756641	224.521474809	253.162492523	0.0	402.076355791	227.788223711	177.84457826	168.333057419	260.18427292	172.949328884	409.72336198	406.611802562	383.015932927	417.720667912	500.371046626	436.580606157	451.633395521	229.942851992	416.418851285	212.854546187	336.729192376	338.93023791	176.461269404	826.017044873	800.940642598	743.281323143	724.443880946	459.632372748	667.627442271	723.850574927	740.865865876	643.988237665	333.524830009	818.7004652	822.358907967	927.510112477	945.564255195	468.721252471	439.059649964	215.022663847	234.266589341	83.990352991	98.2612460682	510.678419351	481.147869339	366.730161685	298.35497452	339.973416242	692.388828671	271.057931274	239.356462394	453.189402273	418.602009	117.83325109	432.524480736	453.914732628	540.118772738	321.065200528	364.980598163	584.048366207	585.697495126	460.23522889	91.0516980411	449.369649603	467.53739667	199.752425735	228.79751309	202.649856624	305.30482185	385.522434421	343.834217769	126.267804705	285.333432849	376.392387173	464.158774919	81.8542206071	356.541743951	332.010039036	348.001979772	544.183219366	548.976167234	72.2195191665	72.2476488586	234.05889072	277.589404286	261.229861376	1114.40855627	1126.67933575
835.072598765	862.370944725	901.22362118	213.491013743	411.194645	291.597147358	545.61437712	538.585651074	543.437422711	402.076355791	0.0	187.979859873	229.975183193	233.747980193	621.83245999	257.241209229	694.94792946	714.34606418	412.34033785	477.201561962	821.498566171	753.352419081	790.939399247	265.211098998	182.979040521	387.757284155	106.110144364	119.177863868	320.290871088	1154.25845775	1136.53445877	1104.92504246	1088.50897206	97.0736261997	955.382890511	1050.73347197	1036.35506676	981.615665456	702.74313423	1091.96417119	1101.45753338	1166.53531907	1179.93300325	746.108068446	734.615914943	376.629393341	172.55632175	436.441781155	475.693505634	118.400704583	107.269061999	694.009939168	499.751121912	554.776625988	849.731455714	178.056977856	295.562352201	175.038186674	94.8547516566	331.132351493	802.597961916	821.586548943	904.073582253	192.264071169	124.461301103	891.763829124	943.983672082	524.919267472	396.308842401	146.504786081	136.832036313	251.687062358	456.267288888	425.673015351	532.125695839	53.1585601445	68.8243359308	295.527752979	238.253637981	249.379871595	67.7237873793	334.18478501	339.562049148	386.643772124	616.895164373	644.066886635	656.508507394	357.973937111	370.163967263	337.030359201	317.953866149	380.027337925	1317.55676479	1337.75821099
746.837757784	775.02856872	811.306692038	51.7397740888	293.197336789	246.949864891	399.667125787	408.180880097	423.528881105	227.788223711	187.979859873	0.0	98.4209873236	75.5877132367	473.662620201	69.3042902874	585.236836573	594.731404677	293.771905252	353.523886958	697.868216016	630.444906127	657.534632141	100.609227956	200.009051265	295.194549752	108.951802107	111.736121819	137.683103884	1030.68960722	1008.7770857	961.855475559	943.877282231	267.496106293	850.734429852	927.07165245	928.939749211	851.500082683	552.102834205	996.480830107	1003.14842742	1089.01112146	1104.86814943	641.801964501	621.380045624	201.968334626	83.9410961406	250.128282576	290.524635906	286.292554299	254.364852427	564.483291207	414.496010342	468.905246421	709.781588056	153.228156504	135.091899807	300.325685948	237.38750757	195.865904694	652.561598409	673.127798799	758.460636861	212.921091521	207.071934684	776.095446348	801.980220793	403.713882378	250.016118606	223.630173829	240.194158974	162.232895288	277.380814725	244.812008516	358.820986884	160.762615277	121.996289993	155.438304104	114.330067277	191.542092895	242.776704627	151.531495306	231.291043169	252.153248382	511.10401418	517.018789639	527.20924196	203.515149651	217.191761913	265.737461162	275.859562847	313.267328064	1259.35570852	1275.87758749
649.976302948	678.124450284	714.801299084	48.5115728432	198.777130064	345.071315043	319.136881591	319.712176669	331.42050818	177.84457826	229.975183193	98.4209873236	0.0	33.4490491829	395.015489403	110.187310088	491.528464098	503.770310857	376.028645391	431.008767618	608.693384507	540.730733192	571.972987849	177.811352519	293.781748123	196.890029249	188.691319033	196.978129344	181.112177521	942.405638704	921.945846687	881.749451312	864.576248006	281.80008333	756.85136573	838.60199394	835.856448308	765.219628935	475.421057237	901.161922773	908.334024384	991.553046562	1007.2211996	547.171289039	528.730340608	250.239419888	57.7456676096	231.322498676	264.434961879	344.452015656	320.531577486	476.853491101	316.328894639	370.972534441	769.753633001	100.886991227	208.77213931	281.316849297	240.967536906	105.688437713	575.806436711	595.437427714	679.315563438	159.923194022	189.617833661	684.717841494	720.981584052	480.550555556	168.101638422	307.849460019	319.222204763	68.0119035302	311.301617501	277.359989287	397.02660696	223.780535327	180.714398769	66.8010783988	208.324213515	289.769344533	295.415942203	128.556268395	320.331424561	329.636824702	416.110562472	587.983090305	596.757223111	128.002299262	140.318132857	168.78937782	184.771736617	215.894972186	1160.98393333	1177.60325836
671.836450801	700.043255318	736.127161113	24.6396055309	217.738036343	318.455366503	327.040195916	333.185874442	347.989111449	168.333057419	233.747980193	75.5877132367	33.4490491829	0.0	401.949670568	76.746432007	509.649133239	519.384353079	343.183781613	397.7273439	622.907309652	555.339998617	583.551554787	145.308871341	275.365614304	222.61122261	177.286839226	183.188859438	148.207517792	956.040956335	934.543171925	890.05111428	872.398756505	295.39238779	775.147002435	852.351539531	853.386236434	777.388788088	481.364225854	920.976749912	927.588950636	1014.34490302	1030.37596723	566.247451774	545.83638568	217.483359857	70.4716647753	211.313026245	247.259212886	343.854568496	316.554521107	489.835183625	341.161559672	395.034825683	736.851779394	128.273506923	175.691010571	304.21214682	257.114792449	120.286266445	581.940743073	602.127717934	686.928570978	189.123315477	210.635326819	700.724476564	729.728069265	447.212102422	176.227879389	295.48321715	309.54143052	100.876255601	280.499143755	246.519636533	366.016005762	219.854829917	177.285949436	79.8508899592	179.076587562	263.602364098	296.441547437	106.695944634	288.741275004	296.458058813	435.610744899	554.54042024	563.335417958	131.270146395	144.687783723	199.203185212	217.61372098	245.624555117	1186.34503868	1202.43876012
366.407316734	391.469292842	415.921710068	426.359550094	221.327663088	684.416235511	76.221279211	103.373761891	127.723424929	260.18427292	621.83245999	473.662620201	395.015489403	401.949670568	0.0	429.276410924	191.120181345	168.309858728	631.751696585	656.188533004	245.3686946	187.723084738	192.316011617	490.011517465	670.763402824	267.645296503	579.229328678	584.589226019	435.26838752	565.951144962	540.77607214	488.23853235	470.458471343	653.65358775	420.070600136	464.149708466	488.200597466	383.81287553	81.0457678836	572.320161534	573.653298678	692.55117321	712.153500611	244.423443682	205.208815114	462.863308018	450.494560814	302.39195456	273.547835123	738.526958727	715.545917761	118.845330871	234.105772569	229.162874461	861.810988985	454.701796646	498.941272152	613.971619979	608.255305926	290.855089924	180.875776599	200.445643994	284.985443961	479.319250943	546.32954154	331.252317656	328.391573837	692.410838436	226.95959959	696.92939273	711.486266701	374.074132304	448.707776564	433.769038417	501.191702691	618.75250819	575.682176739	328.219513632	544.881963149	636.189766965	688.736123555	340.954886244	613.688955438	581.98823662	171.339337557	755.339165211	756.639553584	270.735253417	257.26287927	324.462456384	369.773183388	309.294980466	890.406566774	898.708060929
726.723827042	754.928690929	789.671249463	70.46581966	273.267489268	261.816675689	358.328545367	375.311763243	395.688984466	172.949328884	257.241209229	69.3042902874	110.187310088	76.746432007	429.276410924	0.0	558.13872564	562.757825589	267.906836192	321.268360577	662.485277943	596.312944095	617.962953975	72.996376192	243.470394114	288.623751336	172.097010066	171.141569273	75.4140137539	992.656004696	969.000799471	915.353330221	896.734216993	335.614507382	822.315550049	889.616871815	898.647167178	811.643881577	505.096608642	970.798482274	976.221829781	1070.13810872	1086.89120657	616.170802987	591.971223342	144.246989528	130.124163021	183.067946194	224.334155852	352.635611551	318.696794249	528.192835088	403.967924647	455.922109822	662.014412851	197.586223068	100.184877109	361.777618259	303.523457264	175.783258347	604.741869189	625.918975802	711.959796835	259.338502008	267.371451175	743.509806504	756.906442162	370.620562103	215.884091239	278.417457842	298.478606859	177.272078667	213.995011808	180.505734616	297.879181707	227.826512639	190.658655661	139.603294513	118.978928859	209.83631807	310.685694953	91.6682672392	217.463787663	220.310724688	487.557686414	477.890663216	486.794471197	167.783870575	181.156084123	272.24713843	293.729561901	317.311675786	1247.20589222	1262.19263711
179.342299116	206.146577554	236.038955283	533.77285704	292.765632376	819.95483614	222.302309961	185.55299569	162.528440847	409.72336198	694.94792946	585.236836573	491.528464098	509.649133239	191.120181345	558.13872564	0.0	45.2781610956	792.705354481	824.939859738	137.026435853	78.9381437818	140.634410732	627.335086843	784.611228676	307.19897992	679.37247568	688.391845631	583.604524724	460.880484322	446.168023503	440.495440805	429.148746448	700.893026895	265.50661942	358.289777293	344.381660095	297.895471967	192.775040469	412.661154019	418.379092319	517.846152937	536.083886598	58.9984324582	41.1079625338	624.144303585	537.746492828	471.448226285	450.160195019	812.991461892	798.608896543	87.1616058457	202.400459717	154.803521387	1051.49090291	516.994718227	643.643718732	637.561431774	655.755895119	389.391889131	221.86151841	224.630398164	270.462257712	519.0547166	593.762457602	197.001948633	291.047318754	864.883032779	342.467345822	798.138511706	806.884304538	446.713609699	623.561696047	604.01165863	683.810857351	705.822472951	664.236326348	429.798782997	677.098343553	767.416735342	762.329097991	481.292115014	763.654884879	741.72741602	78.2275852656	936.553609464	938.890030235	390.444041002	377.25404564	359.598597641	389.533829274	321.913250554	708.201741699	718.885797943
198.972661516	223.405000246	247.809763368	543.843657127	305.99936782	824.032825091	213.591327121	187.515938169	172.513322264	406.611802562	714.34606418	594.731404677	503.770310857	519.384353079	168.309858728	562.757825589	45.2781610956	0.0	787.981061201	817.033428151	107.513078618	40.5963429387	97.6789354793	629.98801748	794.718230246	327.809785342	692.42250256	700.590502415	582.5301572	440.141372261	422.368843997	406.292591953	393.691051939	725.678103245	261.067211852	336.469583743	335.933388724	269.365525577	154.891361538	412.188156065	415.775240204	526.379302241	545.562621561	78.8428365355	37.1499438734	618.736409661	552.697432745	462.165841609	437.460245657	832.712514759	816.341836545	51.6914526555	232.278521397	189.969698759	1029.63885819	537.196098661	644.094337909	666.371303813	680.202748978	399.446773857	176.633139741	179.44494809	228.547274593	543.82845665	617.752532554	181.372729466	252.578580083	855.314167354	347.237956374	811.551038071	821.759574757	463.737641436	612.366338442	594.881178938	668.39188327	722.151181626	679.957743896	439.909698819	681.556772386	772.592085854	782.000549658	481.85767303	762.868310731	737.33237024	106.859317507	922.244843995	923.903119907	395.311011292	381.768998388	382.649888646	416.203635277	348.335377673	722.397784795	731.21766214
968.997387956	996.800993363	1028.61025874	330.113937235	528.304372744	159.863680714	574.420312574	607.511583549	635.134160058	383.015932927	412.34033785	293.771905252	376.028645391	343.183781613	631.751696585	267.906836192	792.705354481	787.981061201	0.0	64.8710197786	876.833648848	815.750340815	823.262723531	198.405106295	259.24491163	552.507298359	308.540304042	293.966243142	214.51733846	1192.12940741	1163.8130999	1088.93294116	1068.41597767	509.310719534	1048.2864584	1092.74664064	1119.31090417	1009.84383611	694.17549031	1200.03488491	1202.90214196	1310.52149492	1328.5726998	851.703264445	821.311726969	169.325049507	377.653946697	329.618044529	362.708861151	443.179654256	401.022095066	745.443065766	662.959681395	711.739173188	438.073760511	446.93295599	167.744788335	572.210593654	496.424363499	436.275966452	785.127631722	807.389532572	892.129017619	505.742880432	486.729165582	962.143000465	940.361109132	113.361225859	459.148310943	321.344518017	350.400658928	443.977498913	200.100286969	202.667920465	210.829825719	360.540967316	352.158738154	404.456415405	185.524753233	171.774665632	427.62798166	317.288147771	72.8937037528	51.141550009	729.937959673	231.952624207	244.198262297	414.934206286	426.09617071	540.028754193	560.760014926	584.53536259	1496.37448077	1509.19819836
1002.94483589	1030.43642103	1060.88929049	386.636480596	571.299296528	217.635804906	603.925783285	641.225399967	670.851473291	417.720667912	477.201561962	353.523886958	431.008767618	397.7273439	656.188533004	321.268360577	824.939859738	817.033428151	64.8710197786	0.0	901.438933409	842.607239922	845.597047275	255.32653187	321.956468166	599.703233315	373.237948572	358.746692953	260.140261242	1209.67474269	1180.06158873	1099.36237809	1078.46356352	574.158432411	1075.55598947	1112.05905392	1144.30086347	1028.21317253	713.674508119	1227.74574525	1229.64690602	1342.29100574	1360.84864802	883.787624455	851.436894839	203.582293442	436.969296532	354.92567894	383.090937829	506.295176293	464.231020902	772.414372401	706.474757544	753.294151793	373.346588555	506.658269243	222.558629211	636.284424233	560.911221428	482.930875059	800.722838142	822.971810947	906.285098983	566.306252808	549.931111306	987.438779536	954.94924918	50.1949275433	499.326585927	383.82837508	412.75936664	498.506724591	209.903667766	222.491070403	193.349289882	425.4078398	416.720146944	453.728438594	248.474298204	235.414724526	491.958685084	359.557581848	137.746739114	101.788482924	765.646754689	167.327138849	179.392709921	457.452400457	467.650998687	591.415058265	614.982969725	634.621368572	1531.72971085	1543.46960229
179.583229214	193.415044621	200.854800398	647.484030851	412.059399256	922.36656719	306.179170142	289.723368859	278.611389608	500.371046626	821.498566171	697.868216016	608.693384507	622.907309652	245.3686946	662.485277943	137.026435853	107.513078618	876.833648848	901.438933409	0.0	68.2134602699	63.5807805127	727.688396758	897.807782252	435.298931509	797.360091538	805.07440355	676.798515867	333.80595925	315.043169931	303.691535247	292.933467658	833.091522672	178.264095386	229.991833825	242.863315075	162.159048201	196.822144993	329.401108434	329.396303547	457.260601365	477.920031759	114.640883552	96.635133256	707.726071264	658.689581576	547.710847024	518.500320602	939.888411385	923.035959227	134.32138825	337.730277443	291.767502416	1087.67661534	644.553865958	739.591056945	772.748858597	787.64459187	503.653027892	155.949871193	144.892572492	151.300632021	651.206962289	725.223424142	86.3685870904	159.841163654	937.078947928	448.582506476	916.518156945	927.402749496	570.532801804	693.360652776	679.085490918	741.891092444	828.451750205	786.076894372	543.956578407	780.659833274	872.028934966	889.182142723	578.512413934	856.513835273	826.853084664	211.915529934	995.897184944	996.335865441	496.285727397	482.602936032	490.133647752	523.151074858	455.281692949	661.716979919	666.541420984
192.703589978	213.975233466	232.71651258	579.886671433	343.867004087	856.878091151	242.295362518	222.292768248	210.401242224	436.580606157	753.352419081	630.444906127	540.730733192	555.339998617	187.723084738	596.312944095	78.9381437818	40.5963429387	815.750340815	842.607239922	68.2134602699	0.0	62.889736777	662.393334842	830.438450302	367.494340066	729.417234566	737.253761372	612.989252591	401.944748105	383.185026509	365.778271879	353.341538965	765.815986304	232.949964379	298.141473708	304.293240897	229.250646555	155.960192864	385.152293669	387.26801308	505.322502013	525.162746281	85.8935085314	47.2502838362	646.43520102	590.523253733	487.863971437	460.821070386	871.747336383	854.822790612	70.315559942	272.85205608	229.842542451	1043.35522276	576.526423119	675.27210001	706.930652754	720.300228201	435.849002207	153.380034208	151.920233001	191.564958466	584.023069145	657.797273734	147.594888617	213.037026581	879.635386314	381.650553831	848.57738189	859.307865897	502.327747772	636.057479372	620.12865292	688.597615179	760.25522967	717.899097941	476.209794071	714.796249119	806.058184153	821.0443886	513.557833064	793.112127691	765.407062242	147.301517127	942.809293719	943.909970975	429.527488748	415.884553741	422.68994042	456.664512503	388.805897779	705.245789855	712.467635487
235.656284927	252.466735718	263.078783757	608.189980332	379.750929521	875.550083673	259.634992324	252.869667911	249.101212346	451.633395521	790.939399247	657.534632141	571.972987849	583.551554787	192.316011617	617.962953975	140.634410732	97.6789354793	823.262723531	845.597047275	63.5807805127	62.889736777	0.0	680.863487073	856.738828702	409.982891634	759.86026764	766.643251988	627.345591029	374.780937429	351.376887875	316.836832774	302.447054309	809.306183646	240.441106758	272.228855309	300.571760183	194.005120991	135.318069177	390.247272223	389.114086502	520.197276244	540.978027544	144.858438448	109.746712714	654.722119396	624.258658324	493.647169933	462.569324239	909.1860843	890.038581675	97.4186252274	324.859855422	286.172178933	1024.88590475	616.116248316	690.83244269	754.901633702	763.603186624	466.295087153	97.6421969212	91.8120259271	130.975143346	628.360038046	700.900968173	147.24917027	158.451955383	880.056163551	407.544284663	878.75006234	891.161985129	539.25920402	636.604326827	623.75014608	682.460251608	794.312012123	751.512331671	505.990688967	735.00376757	826.444415531	858.628541571	531.499390363	805.999091155	773.781308914	201.932595993	936.095523377	936.209035558	454.299467018	440.578586414	466.694556616	503.797360916	436.36902441	725.135486721	729.681945538
797.684803176	825.858634644	860.150575881	131.761351617	345.420914515	194.753670445	421.874101085	443.126462072	465.276621625	229.942851992	265.211098998	100.609227956	177.811352519	145.308871341	490.011517465	72.996376192	627.335086843	629.98801748	198.405106295	255.32653187	727.688396758	662.393334842	680.863487073	0.0	199.19045811	361.601782419	163.493637421	155.839704974	67.575603585	1055.53808576	1030.78378384	972.015643254	952.866403919	354.93189551	890.429031283	953.049869152	965.839779739	873.720046873	563.098822104	1039.76912923	1044.7193706	1141.11095393	1158.07238456	685.717613537	660.195370924	111.561456636	182.400378385	216.204979932	258.302381951	340.919987783	302.341994735	593.435001653	476.824567815	528.514735026	609.254597181	252.263508879	34.5008391208	397.982970956	330.333568331	248.476191643	661.38071892	682.99512631	769.27005336	312.859030051	306.058533114	809.923744723	815.262353809	305.359534369	284.981503638	246.139096828	270.71210391	245.818829885	191.805135101	162.822070187	267.197869278	223.973351099	196.549361711	212.598250445	57.0384589332	146.671226908	306.284670697	149.383243379	144.591039062	153.539151897	558.082542366	417.066019369	427.016431635	237.283620777	250.228956794	343.817423837	362.580295735	389.462664222	1319.44809417	1334.18218146
943.374602264	971.47693993	1008.39876231	251.000769451	492.007452877	113.337044341	597.939541296	608.159371336	623.297242581	416.418851285	182.979040521	200.009051265	293.781748123	275.365614304	670.763402824	243.470394114	784.611228676	794.718230246	259.24491163	321.956468166	897.807782252	830.438450302	856.738828702	199.19045811	0.0	488.473574244	115.002635824	101.547372862	266.633905005	1230.39611657	1208.10228608	1158.10252373	1139.67600656	275.192837825	1050.0996272	1126.84480452	1128.62246047	1050.74388995	747.772717718	1194.92714865	1201.99534046	1284.06156632	1299.33034788	840.720009681	821.118458425	293.439535281	255.2545236	414.703444887	456.920733803	184.421625136	142.50611622	764.26796389	607.897242264	663.132024395	693.107657358	303.896207637	211.482682276	357.880612027	277.589622221	395.555480683	847.74167635	868.758420002	954.621334892	344.573354953	294.09178429	976.073179512	999.037256739	365.001752433	449.563467808	62.1541946636	91.2626576777	348.159708981	370.866335929	348.827791262	428.052040879	131.810706467	150.731265391	355.062402387	144.072093764	88.3869077364	175.662801671	334.920418534	189.643887316	250.336478714	709.745771208	483.157840022	496.713095831	402.448542313	416.171980762	450.768055609	448.543969987	498.27236496	1449.11162378	1466.87853368
455.52317607	483.515751592	520.999303433	244.116882462	57.1346514543	540.973320072	198.908781491	167.408781608	161.230396254	212.854546187	387.757284155	295.194549752	196.890029249	222.61122261	267.645296503	288.623751336	307.19897992	327.809785342	552.507298359	599.703233315	435.298931509	367.494340066	409.982891634	361.601782419	488.473574244	0.0	378.20558524	388.812228653	339.659164793	766.924413757	750.112960806	726.729497343	711.812246838	399.348871243	569.121063466	663.601680719	649.62396208	596.667390231	345.360466667	709.54859399	717.815865782	795.595422107	810.963040441	359.173307655	346.905948608	399.762239608	234.913020275	296.842424159	304.873479314	505.870070885	491.658002337	312.634539073	119.57279493	174.659508732	902.272764821	209.888332971	386.947694708	348.947305923	353.665576856	116.777751624	438.632161689	454.689901472	531.361335873	218.582294871	290.984350438	504.021101076	566.977783915	646.745400871	123.820457354	495.412964651	502.139735059	141.841323728	434.173100174	404.107806083	515.081570264	399.908679349	359.103608	149.06136747	401.251105483	485.942703555	455.186847325	242.479234594	506.05654721	502.637861133	229.217377414	742.619421441	749.026041727	148.736477065	142.829627	57.7096815039	102.278972159	52.0933312991	964.178062291	980.71412303
833.727608404	861.708365388	899.175714716	152.888400859	386.962530385	203.728617617	504.281864235	508.149223798	520.004494273	336.729192376	106.110144364	108.951802107	188.691319033	177.286839226	579.229328678	172.097010066	679.37247568	692.42250256	308.540304042	373.237948572	797.360091538	729.417234566	759.86026764	163.493637421	115.002635824	378.20558524	0.0	16.0163620501	224.084418902	1131.03117717	1110.32375868	1067.3325652	1049.68312896	201.824813913	944.312107938	1027.23656287	1023.74702904	953.419711863	658.504371082	1087.14447103	1094.8815796	1172.91803979	1187.81666915	734.299503427	717.007378323	274.816469984	143.32801858	355.116763048	396.424682381	181.330257956	146.606919655	665.248674569	496.990694837	552.482279521	744.791623921	188.899065098	191.721614358	266.083220681	188.391928524	293.898399631	759.072671055	779.345084879	864.211828798	231.537085797	188.831560984	873.25933075	906.965827248	421.692896554	353.244767892	119.160256196	132.323600065	236.623803276	355.26113257	326.108935197	428.447307432	60.4966595365	44.4464721466	253.906818303	132.201222155	154.06106145	143.129793664	259.834190588	236.252531406	280.887590957	603.193843361	540.490082891	552.618700593	308.511529899	321.967072194	337.712925402	333.74127885	384.914281159	1335.59067443	1353.73497823
844.253434048	872.283837104	909.55915311	158.58112583	395.707284206	187.754209436	510.053978834	515.554061967	528.34721255	338.93023791	119.177863868	111.736121819	196.978129344	183.188859438	584.589226019	171.141569273	688.391845631	700.590502415	293.966243142	358.746692953	805.07440355	737.253761372	766.643251988	155.839704974	101.547372862	388.812228653	16.0163620501	0.0	218.56907082	1138.56894692	1117.45994993	1072.82293519	1054.99588021	215.655518711	953.579259452	1034.81052494	1032.75841221	960.39739207	663.428495413	1097.06462236	1104.58722431	1184.05848638	1199.11093848	743.706416224	725.705808812	266.428736247	154.421487724	353.505872835	395.152139085	185.792251822	148.947211793	672.518495616	507.924023159	563.328475413	730.776574729	202.939742636	182.422575681	281.691450977	203.64093913	301.421791972	763.945870718	784.396409743	869.534860125	246.847577157	204.847111301	881.643879574	912.683990304	406.973717012	359.415838104	112.360318398	128.614146933	247.668816254	347.0527415	318.650313687	418.658009295	70.4364743751	60.2035435236	261.155967672	120.430353465	138.089061849	150.754314903	260.638029057	221.471114733	267.479937716	612.59043442	525.903292742	538.138142258	313.932513828	327.501013433	349.627347869	347.053912158	397.021383081	1347.86147134	1365.79723501
757.779425646	785.768728214	818.648491516	145.565115851	313.787685527	251.713537418	370.811145854	398.086210576	423.620005439	176.461269404	320.290871088	137.683103884	181.112177521	148.207517792	435.26838752	75.4140137539	583.604524724	582.5301572	214.51733846	260.140261242	676.798515867	612.989252591	627.345591029	67.575603585	266.633905005	339.659164793	224.084418902	218.56907082	0.0	1001.1164397	975.265669804	912.348861618	892.866511462	404.532754333	843.596584652	899.405089183	917.250406232	818.776437111	505.502424373	994.289622031	998.288287919	1100.47625896	1118.08207591	642.486012261	614.344419472	69.3598819382	205.536761627	150.350319386	192.09211172	404.359120642	366.907114337	543.18685927	448.519304248	497.265082416	588.664446326	272.69582795	64.2478130492	436.037742974	375.057344276	222.933938626	602.358425043	624.22142051	710.434549487	334.425419619	341.840958688	760.490486889	757.116867655	307.7711806	245.452174922	313.383370056	337.485607203	245.349129342	139.868909301	107.129403833	222.768704438	283.774235132	251.71451845	194.013940134	123.290923065	208.701943367	367.045014845	103.382309705	180.347939846	163.820865952	518.028186063	409.581045377	417.637529962	200.509375577	211.913955694	332.594130554	359.623913855	374.873545658	1283.63286008	1297.09317607
