99
2430
2
0.0	28.898773583	65.7766296263	750.046840037	773.629280903	977.447044376	544.128710504	1029.99706162	588.495681158	461.556834417	891.016422131	138.605638703	439.575779237	478.199453259	405.861214014	638.942004693	609.168102333	1046.38880672	1062.19714437	1290.29038445	968.71952139	256.984715405	866.771601598	409.402175741	390.555532837	455.944231595	474.222791272	813.855839795	169.941865019	283.237367499	309.407368831	215.513906233	304.72315146	390.847780545	233.088244093	365.980000839	236.53519918	265.476723465	254.706328878	190.584937977	177.068702869	608.407852214	494.199732921	798.399646256	742.244072713	701.412936398	721.873055223	852.594723314	959.909574866	314.660142841	303.094977188	695.852918857	856.858486025	770.872963713	826.324280179	590.887650777	847.282881839	323.473794369	399.045724094	389.450843018	298.855460944	380.851342002	673.059341256	205.735209611	370.532207119	1110.67944699	919.077798693	1004.87405779	1002.50575205	613.551228359	896.85299449	918.153554634	896.056018892	855.804738467	831.259170847	936.014480086	1012.13451327	983.721633638	381.018084689	925.597640299	677.961118399	680.527630984	737.802440381	971.546773254	260.327648065	308.527718291	340.182223064	1025.01917908	1184.24252789	1176.48316724	624.796469282	743.328720292	544.624943644	465.661976809	484.07734243	417.280942591	339.81575165	460.30802631	475.801349739
28.898773583	0.0	58.2999933262	778.287470595	801.862238554	1005.02387033	571.941784921	1058.16996158	615.987112014	486.326277935	919.914222438	156.849617931	461.37143183	497.04432991	433.521134428	667.760822522	638.007144776	1073.35389042	1088.23010191	1312.57431681	995.080118744	273.992426399	894.64341141	391.524652842	376.002288085	448.241900214	470.64039173	842.611484973	160.297561029	267.578825967	289.550504427	208.013358725	298.264302573	382.958095913	223.143482274	384.21933603	211.606703625	236.90384799	225.893840202	170.276206989	199.69685371	635.00524108	520.354388735	824.737080076	770.959372355	726.706800828	746.498191199	881.381626813	988.803681594	335.025455954	331.337157976	724.746768149	883.95880252	799.577940571	854.857822821	618.89982324	875.690530583	338.575805946	411.290814349	400.387372988	307.290520435	386.449054268	701.873049886	209.362886648	371.799400841	1136.60342932	947.742964232	1033.72692764	1031.24249396	642.019508341	922.263658883	944.102372219	920.593978322	884.649530514	860.148594218	964.154007033	1040.58978569	1012.02464892	409.733712726	954.481191742	706.082709131	707.57805684	763.685492528	998.413688547	287.383443481	332.542087343	366.210841217	1053.89858104	1208.73618519	1200.95844574	652.353992365	771.186991199	573.439096179	494.560538456	512.701846607	390.539866247	312.440318824	433.514059472	449.038922891
65.7766296263	58.2999933262	0.0	769.851093846	793.284495933	990.962604759	560.916669476	1048.48787877	602.567429324	461.319944154	923.825021411	122.703156413	427.711843836	456.559561153	422.505897008	667.664977382	638.609015425	1055.59249076	1066.01381243	1277.86283726	974.474840648	232.457836169	882.855172194	345.390085942	325.018526943	391.430708867	412.487037812	851.86424807	104.361288247	218.227105262	247.577070803	150.856859013	240.786951101	326.207572497	167.548689338	343.425042868	185.525253784	233.229560187	227.040037359	130.841713378	173.721407389	616.586452391	500.546405419	804.411122021	768.317138898	702.355758688	719.674590173	879.864990572	993.145527062	299.305390539	326.180318056	727.632548518	867.304066598	809.843984581	867.415651213	609.126164902	868.654194151	292.862861896	361.118280792	348.791649108	253.786499198	330.434988588	710.216829984	153.035625437	313.918518424	1113.85360045	943.834153661	1033.73219193	1028.40265315	636.423533865	897.825824935	921.785144739	893.023454732	884.666843451	862.265035363	954.351315403	1033.74686224	1003.63150399	409.155653551	959.710054754	696.834321475	691.181343286	741.553809193	980.267437565	275.053780888	306.789759351	347.423261981	1059.20182711	1180.56440199	1172.7347743	639.182771255	759.63502468	573.65609763	499.358004729	509.811908437	415.461103196	335.024602666	457.77523311	473.326247927
750.046840037	778.287470595	769.851093846	0.0	23.5986446001	240.134483222	209.964226435	280.083535189	175.427843674	350.253774212	232.221069872	655.271072047	428.353710608	476.307323632	347.448774674	148.208175052	174.332527438	326.533913934	376.852793838	714.210499524	282.624443259	592.818964732	124.546374037	1006.09585564	954.814182146	909.329495528	861.660652278	256.396322021	801.900060644	898.646415797	954.139564507	802.820483691	824.683216557	877.836213141	826.877233844	525.986329561	941.327751603	1002.8884693	996.745892661	874.230561899	600.96722382	192.415956046	292.59581814	172.000676991	77.1868179523	219.949662305	252.936639597	145.057069509	289.820881979	522.304191677	446.959771165	153.444382001	156.374144155	255.067343847	306.824911953	160.994059654	100.162048751	586.155435496	610.408261977	630.918699998	670.519820838	705.677681448	223.406150089	722.008523283	759.63397005	424.308019961	184.355031164	290.447097563	269.988979051	139.307113141	276.147938419	263.277069745	318.55987568	163.45947131	171.782063459	186.411515926	264.392501759	233.884489614	372.958245797	272.527710978	73.4044080513	127.126293931	187.127676477	262.308093937	494.798791055	480.671605805	428.73637118	354.025717882	543.138549214	537.008951467	141.076190603	42.641938857	223.86441563	311.124741416	269.876362459	1163.99805392	1088.82195601	1206.96534746	1222.24318887
773.629280903	801.862238554	793.284495933	23.5986446001	0.0	218.007578354	233.119394638	256.484918771	197.460853332	371.225706377	221.946991624	678.493276461	448.371886132	494.501872955	370.836381531	168.004692233	195.162846383	305.792613648	358.902809892	700.698143063	266.023654663	615.089022585	102.664158694	1027.80482767	976.283188784	929.397204243	880.985680259	256.27900232	824.804376604	920.985473329	976.615805398	825.341485277	846.327263177	898.651713376	849.324828222	546.785586741	964.451600146	1026.28960572	1020.20281647	897.29305425	624.198624528	211.156314455	314.112005859	168.572034408	84.8740428565	228.715592886	259.649035335	131.478844602	276.24278825	544.236426151	470.539190449	165.983011046	142.006987669	259.069773155	307.281413287	184.290029558	77.8898229093	607.377226937	630.059737321	650.744023359	691.87795852	725.735947052	236.283857186	744.478421504	780.046418865	405.804485931	163.970461481	271.650511994	249.054523103	162.696428146	266.760237218	250.676637343	311.656731302	151.697331565	165.038844282	162.833925793	241.265886709	210.383142084	396.509145663	261.386356916	96.5794469498	142.03308116	192.148596047	243.420069281	518.230900682	503.337715673	451.719880434	339.035282514	526.980492276	521.015898404	162.462547993	51.7050564247	246.462802678	333.83292661	293.368966691	1187.59266576	1112.41981808	1230.55890184	1245.83548013
977.447044376	1005.02387033	990.962604759	240.134483222	218.007578354	0.0	433.730585193	96.1891287182	389.072977428	542.201241897	306.451625638	871.90612773	606.142433489	632.164411407	571.591427499	384.756603348	412.784132496	95.113370389	171.945014841	535.358041011	117.310550062	793.892898891	115.598639764	1193.76639607	1139.43332302	1075.4317047	1019.11538391	397.750688371	1010.91853392	1097.05786637	1154.376503	1005.10243321	1013.2797706	1054.23569177	1027.71605246	709.171924447	1153.82008781	1221.96633995	1217.59316479	1085.8265909	818.317597631	377.474895262	493.423776948	209.661247555	286.865676209	324.6181214	332.10304855	235.004712059	315.121115574	720.011609383	675.920363933	368.483247544	129.785149391	421.172934811	444.90678487	388.710195642	170.037525465	773.038094726	777.409479081	799.418218246	857.45737907	875.222542532	435.499951258	924.32219134	932.572554669	209.570070375	179.033080815	249.468561353	199.785293858	377.793914864	200.163273642	157.894301865	253.248081103	255.168393674	292.616727663	82.6653802265	133.91159602	99.854129366	607.700959267	326.904219102	304.967035376	300.787799692	276.051828319	72.9593328084	717.989393457	689.738112871	643.85785315	347.045503863	345.38010456	341.134799755	352.669910444	235.878381983	463.944919638	551.077281039	506.396622132	1394.06178612	1317.26056871	1437.11308892	1452.52434408
544.128710504	571.941784921	560.916669476	209.964226435	233.119394638	433.730585193	0.0	487.571210196	49.4894367889	160.27742338	401.175566397	445.386464707	244.380062809	309.106895231	138.650276463	153.933812263	140.270264157	506.90113427	534.440669237	822.238157617	437.638008081	385.975099395	322.72099843	801.54819493	751.811495223	716.292681673	674.782751078	370.216842511	592.186178618	690.908479087	745.761664633	594.36118823	620.922973176	679.463975874	618.713380426	331.046148391	731.363757609	793.645862004	787.950020479	664.285181333	391.101148855	98.0947799771	100.991525665	272.660636317	224.749352234	212.826286637	248.968300904	335.123665238	468.652814138	318.059443457	242.20717319	221.608556164	317.272136728	343.038569743	408.443143942	49.3466826431	309.847138346	386.759890371	424.101564848	442.685232591	469.376605464	514.402745418	252.386052058	513.855278201	564.989796026	583.779539984	390.196037976	489.726344827	476.135058127	92.2820073828	385.163796275	395.141383785	403.247544697	345.800971797	334.628141745	393.434847159	474.346109647	443.070919575	179.597170895	441.701022292	136.569759904	145.847825164	227.101081938	433.622165265	286.089412698	272.021293419	218.960357541	536.295143792	679.17732895	671.952630294	82.6235302807	199.262066002	110.618373784	160.108332351	93.6650862042	960.379089007	883.849527813	1003.42738288	1018.82787369
1029.99706162	1058.16996158	1048.48787877	280.083535189	256.484918771	96.1891287182	487.571210196	0.0	447.412813399	611.746454391	264.97897664	932.159671381	681.040267316	713.163660198	626.081505969	409.912517106	439.89373412	151.414330954	239.387837948	596.23920598	209.226938423	861.803284254	168.448328648	1268.24364709	1214.86510774	1156.31244307	1102.00099556	369.662386819	1075.75580746	1167.0866335	1223.72998856	1073.19888456	1086.95570075	1132.10586082	1096.51913198	783.282472711	1217.01689547	1281.13740446	1275.52026066	1149.42288269	878.006992149	445.786852381	559.004498107	296.144676795	304.16790691	408.737393674	420.539614001	219.591304424	253.808553923	788.94107521	726.905970891	377.897542631	213.326957225	401.38522168	411.159139168	439.59865559	186.491711473	846.315878806	856.762179059	878.497385697	931.144607452	954.409939585	438.003914016	992.175127779	1011.04672623	264.169862841	146.556344864	175.094331692	125.175918037	418.405201876	296.32874417	253.909863339	349.188955206	233.339574459	272.499959798	94.138366572	53.9017004277	51.0255391823	652.681914996	274.432184127	352.127215341	368.381403756	360.012180501	165.519571261	773.591061247	753.464934774	704.207190426	271.373136792	402.416354327	399.635585495	410.900040271	289.549761638	498.039783152	585.139930074	549.267763805	1444.03574469	1368.90041217	1486.99158861	1502.25604713
588.495681158	615.987112014	602.567429324	175.427843674	197.460853332	389.072977428	49.4894367889	447.412813399	0.0	176.637674727	384.486577396	484.962682161	257.828828073	314.356380598	182.819838653	157.996170803	153.684885379	459.70576529	485.409997087	773.868781763	388.77781253	417.654764556	280.475321683	830.701644003	779.589736241	737.072354171	691.980440688	367.270759342	628.759841967	723.576040443	779.336596021	628.145675669	649.329776589	703.665277387	652.021241848	352.228388447	769.620419892	834.506427161	829.49530603	702.081529842	430.928529457	57.4694852376	117.710708023	223.194057438	205.178342708	167.969625899	205.441051282	310.619846203	449.757713651	346.877860675	288.347420263	220.439343342	269.832907274	345.320348848	409.521133742	39.317302616	275.307001129	411.370560061	440.239094944	460.012554111	495.477908861	533.760116471	263.526821399	547.217845154	586.553544832	534.735903228	359.286141312	462.86861737	445.160086117	90.025070176	335.774381815	345.718015171	354.774815276	323.993252432	318.104443634	353.548221352	437.746174248	404.703558691	228.796994986	425.579034898	103.862430071	96.5523192877	178.538068699	385.891444125	328.931626868	306.64483503	256.83003549	516.752176483	629.713891895	622.497691441	36.631553254	157.866359186	143.700606184	205.863338682	141.417402627	1005.41165916	928.303425039	1048.46475791	1063.90709192
461.556834417	486.326277935	461.319944154	350.253774212	371.225706377	542.201241897	160.27742338	611.746454391	176.637674727	0.0	558.969613524	338.889510268	84.1575591645	153.410108193	122.619238896	313.677371221	297.14059319	598.647013857	604.875699569	835.759368776	514.408910935	251.731962988	443.335511687	657.736159754	605.500503093	560.443612059	516.180780432	530.237081683	469.826732051	555.596859984	612.579679792	462.913957677	476.183687482	527.590730752	485.665049208	175.795886402	613.634914608	686.369904454	684.043088333	545.51148935	288.292606396	165.978802448	60.012795249	345.338525586	380.369099478	241.064676887	260.32691761	487.228413855	625.30145332	177.834644977	201.339057795	381.726038166	414.129012733	501.768191521	567.329928853	203.815077693	448.921202131	236.296378049	264.713867296	283.964651256	321.001863364	357.224660166	407.445166428	382.12333825	409.949874694	652.573435294	534.608149105	639.301634731	620.16297434	252.107457613	436.631997821	460.712906521	434.528872903	500.228265558	492.362616147	519.641757044	607.867674795	572.658781964	200.06273513	599.835555823	280.280509402	243.441393587	280.924937987	523.159874613	210.552861461	154.608164625	126.446846646	692.587628445	722.71481278	714.964514178	209.229450177	326.575374967	251.739956361	253.211349073	196.126769369	875.228606529	795.513513747	917.923978092	933.489905801
891.016422131	919.914222438	923.825021411	232.221069872	221.946991624	306.451625638	401.175566397	264.97897664	384.486577396	558.969613524	0.0	821.203674481	641.758437051	697.995064878	519.971663388	259.99059487	287.091563724	397.451096877	478.396640433	841.751086126	409.897419147	781.317337565	246.546207702	1197.2474617	1149.37377373	1117.46821542	1075.11354274	110.535714592	974.186063396	1081.31220259	1133.71533997	983.401306345	1018.30861097	1079.89600203	1008.48909625	732.155879939	1105.31440975	1154.66902949	1145.31150253	1041.07330554	768.046895192	416.885694228	498.978908649	379.540010992	179.352135813	450.62493586	481.295959673	93.4975006034	69.4990132203	717.050456681	600.080593298	196.333361071	322.241331118	150.630127107	146.673998707	355.221482963	175.618400709	787.543324413	823.661895945	842.873708947	869.275351479	915.353250156	224.601102543	904.771305977	966.155655189	514.259179545	127.507295657	129.635009864	156.185920031	309.31721586	453.064110553	422.948219799	505.314844361	70.9056855746	66.6182440957	224.620052655	214.143404729	220.995581504	515.179728691	41.1804477304	285.760820256	358.785454623	413.248606238	370.343539412	657.249019789	665.470868366	608.920578687	136.798055434	651.473778404	647.408156261	357.458840308	272.694698929	351.636562465	425.428059213	418.712502145	1287.4487978	1218.23587859	1329.44882039	1344.08231868
138.605638703	156.849617931	122.703156413	655.271072047	678.493276461	871.90612773	445.386464707	932.159671381	484.962682161	338.889510268	821.203674481	0.0	306.178283702	340.262661873	308.52872913	562.107249347	534.181669719	934.676665243	943.735293349	1157.24194357	852.630297967	118.441171046	765.400712411	395.532692849	359.15266684	386.074254054	385.68990678	756.781783183	153.937221399	269.299366965	316.38239745	173.413851064	240.896332919	325.704675865	198.617969715	227.630776883	286.549628133	350.071568985	346.272583271	220.500386955	54.3178024787	496.014674283	379.705273748	682.778402765	659.171161664	579.842771818	596.971628981	771.298220427	890.702415374	178.639926582	221.753510132	625.115781518	747.073617201	716.584004393	777.079493721	494.288532561	754.874408301	185.90411629	264.631817957	257.490115253	175.592978011	262.782716784	615.201286392	113.441056763	267.813139638	991.461562001	832.615299296	926.150854884	917.934254914	525.207430108	775.241143486	799.538028193	770.348617575	777.725162175	757.836472728	838.12916283	919.6555447	888.363411052	307.588096969	858.534385549	581.920154485	571.421874905	619.456209896	859.259426608	164.110760337	184.58946587	228.266678979	957.651444759	1057.96404396	1050.13925642	521.574412424	642.690270796	469.575695643	402.783510856	402.980249163	537.981891463	457.671459133	580.385417373	595.941979855
439.575779237	461.37143183	427.711843836	428.353710608	448.371886132	606.142433489	244.380062809	681.040267316	257.828828073	84.1575591645	641.758437051	306.178283702	0.0	77.0162434031	184.842230847	397.829730627	380.994130107	654.808562342	651.70789777	851.257143045	566.057628549	200.715318299	513.536369779	587.787568483	533.932003254	481.030331982	434.231379105	614.394372856	419.13713548	493.211917408	551.120124043	405.205367662	407.139337185	451.867411936	426.19210668	103.124699446	563.423968453	642.247074413	642.202469622	495.770792231	262.550552888	238.319731328	143.676186295	401.721003947	462.720550527	289.523859374	299.252820189	567.985556665	707.52433199	128.686936669	230.407460078	465.879737007	476.535607082	585.748077999	651.322451937	287.079842517	525.411699925	167.322993338	182.498703819	202.64410959	251.362450869	277.367039844	490.760265411	326.417469258	332.029150733	697.759707411	612.320103812	718.568408612	697.279847803	336.009554922	480.131850858	509.285991506	469.140278782	581.793697181	575.207265728	590.722404549	680.90793017	644.457164901	256.787351162	682.734190591	360.415042235	314.155828275	334.836281198	579.874692502	216.258963172	138.548609398	143.952419382	774.577259779	754.890259596	747.022214006	288.367039269	401.477073337	333.665575464	325.611826378	274.400242721	842.857467814	762.114661026	884.898995716	900.416100885
478.199453259	497.04432991	456.559561153	476.307323632	494.501872955	632.164411407	309.106895231	713.163660198	314.356380598	153.410108193	697.995064878	340.262661873	77.0162434031	0.0	261.775787509	462.90846756	448.50169094	671.075401816	657.838982302	825.065550533	578.613805092	224.149191948	548.770592007	568.390648509	512.452642699	443.412400735	389.351659449	678.489304024	430.331984362	487.263164296	545.418126951	408.009102261	392.78252345	423.613726573	425.97909175	113.164557314	571.958261468	656.457595796	658.84259023	506.143399804	304.816414448	283.934678427	208.778648201	423.154883051	518.740117004	307.962853752	307.982312519	619.494919928	761.851173522	165.313536033	302.45954595	529.952921226	502.786941641	652.145375784	717.537670405	347.568186469	569.551123368	169.378490938	146.324626084	168.576528637	243.050538195	243.75398672	559.729873255	334.892016879	301.70429287	701.584790095	657.702840228	766.152384506	741.055249465	398.377065005	485.978141465	519.664267752	466.490429491	635.036511572	631.916203575	626.173896497	718.3301482	680.382570739	333.622313664	739.16407866	412.908420032	354.576516509	356.213209591	597.786867623	280.272343773	198.227051169	216.192481422	828.035516659	745.002184373	737.104151958	340.716163779	445.019933546	405.103385908	401.841063065	348.559216851	866.928259149	785.880158714	908.045855479	923.411409143
405.861214014	433.521134428	422.505897008	347.448774674	370.836381531	571.591427499	138.650276463	626.081505969	182.819838653	122.619238896	519.971663388	308.52872913	184.842230847	261.775787509	0.0	260.272979646	235.149030319	642.095116779	663.765450396	928.540689436	568.222980618	262.420026836	461.307023421	677.490735423	630.505060767	609.342644851	576.458072316	469.028020963	458.035805114	561.735276338	614.990391638	464.06072995	499.635280004	565.781020837	488.982278794	236.333926127	595.045377087	655.453917572	649.496671114	528.537338185	254.23593883	209.398572397	110.292104245	399.191089612	351.984489784	316.135578262	345.154963411	464.147496679	589.132708717	204.155917254	106.57723891	326.9656642	452.224109865	433.746757217	498.27893167	186.621408717	446.651320051	279.38893147	336.254768946	350.813931948	355.470783244	414.746912153	332.945051645	384.904403442	458.878956522	712.883098216	524.174402349	619.304977387	609.633250342	217.15809819	505.556309153	521.346693749	514.702481654	471.876303717	454.855961833	531.944762647	611.630673455	581.143166367	77.5849776008	558.909643078	274.339722683	276.653026212	344.052988339	567.836680687	147.511202914	146.714152432	89.4388795147	656.736371834	799.151853683	791.656449029	218.979505164	337.862267173	174.481818252	143.056870583	106.150016751	822.615998837	745.670718201	865.669533454	881.106065073
638.942004693	667.760822522	667.664977382	148.208175052	168.004692233	384.756603348	153.933812263	409.912517106	157.996170803	313.677371221	259.99059487	562.107249347	397.829730627	462.90846756	260.272979646	0.0	30.4534951327	473.77380002	524.812366793	855.771608194	429.841104919	522.300289719	270.273476913	937.761598627	890.504389293	863.587607843	825.023722343	216.596606395	714.629075598	821.326668496	873.776185018	723.410729163	759.518699468	823.341366891	748.501418215	480.323964983	847.293535276	899.968538777	891.632330581	782.381076632	508.640329467	210.067201092	254.867863874	298.711320809	106.709296507	297.920055872	336.607278491	213.882477369	329.34938879	460.023450088	342.041611518	68.5165285595	302.441808175	189.478668412	254.695926699	119.453247062	223.939329456	532.440305873	575.783590424	593.6515545	612.4846514	663.695297604	106.776623826	644.856814335	712.202122411	572.450620411	283.080402337	366.245010344	364.430679399	67.9799775911	412.162336667	405.642181102	447.499891253	217.106623515	195.763985826	320.92405158	382.063214564	359.897923184	258.706722424	298.654750025	112.956972094	195.632054859	286.051414823	410.516045648	398.00268105	406.395655581	349.499571345	396.785255838	689.397810543	683.072416031	149.86339927	171.742263773	94.3284165511	177.687533235	159.135521573	1044.92845741	972.580915109	1087.55086266	1102.55827213
609.168102333	638.007144776	638.609015425	174.332527438	195.162846383	412.784132496	140.270264157	439.89373412	153.684885379	297.14059319	287.091563724	534.181669719	380.994130107	448.50169094	235.149030319	30.4534951327	0.0	500.773386673	549.548831874	875.848949912	453.849349286	497.565135874	297.785089098	912.272904891	865.634632843	841.503332972	804.482601448	236.035992997	687.094890595	794.839412912	846.83797899	696.827123674	734.783956794	800.015584978	722.002614929	459.881297719	818.850556072	870.659888055	862.150450973	754.235399353	480.958449723	209.090314407	239.725386197	316.476173766	137.109715358	305.239556363	344.116621131	244.024213944	356.578624867	436.939582281	313.463897331	91.9203617724	326.099250262	204.875206268	270.454936408	114.379521609	253.694342525	510.288424849	556.590004489	573.901620142	589.257150183	642.822736245	112.211311329	618.746558099	690.269436798	597.565342118	313.518703491	395.763649735	394.681521749	67.9753417777	431.286825315	427.086650265	464.231143134	246.650777623	223.901581059	350.38737684	412.455179525	390.008430232	229.469758044	324.998802672	129.800906501	205.942654035	298.025323609	436.165834494	370.173820458	381.780738947	324.584478165	423.725346361	712.294739437	705.83531007	152.758547174	193.924271994	64.9586941399	147.23910719	131.739185327	1014.59773886	942.37170012	1057.20471911	1072.20253209
1046.38880672	1073.35389042	1055.59249076	326.533913934	305.792613648	95.113370389	506.90113427	151.414330954	459.70576529	598.647013857	397.451096877	934.676665243	654.808562342	671.075401816	642.095116779	473.77380002	500.773386673	0.0	88.0212033297	447.675294431	95.672290768	849.251689502	203.761209696	1238.48773991	1183.03734579	1110.77957569	1051.15865266	491.898496165	1068.25709229	1148.0204752	1205.90843786	1058.83371294	1059.96370456	1094.62013619	1080.49807066	757.624130388	1212.2426579	1284.13072156	1280.93549662	1144.11883703	881.983795261	439.037189645	555.084751778	253.736928047	379.318336457	365.72853465	363.353153642	329.691982929	398.927820615	774.867635944	748.030102169	461.699504659	189.891524865	516.123100137	538.35728831	464.929416893	264.446929154	821.971190304	817.399891588	839.64793913	905.137835471	914.653204176	529.470319145	978.804686644	972.735250028	116.913339059	270.185788774	324.99609827	274.527547514	460.362187358	196.1938533	155.533997885	238.981477336	349.372425433	387.218968584	176.749430113	203.199350833	179.970853747	684.619857863	414.604871903	385.67967787	365.8943258	320.066822806	75.4965776933	786.065951654	750.571050743	708.46371382	422.145275023	255.01272585	251.483591415	424.380785433	315.26647239	548.419750483	634.664005635	585.73063885	1463.66866056	1385.73362585	1506.6967444	1522.18915887
1062.19714437	1088.23010191	1066.01381243	376.852793838	358.902809892	171.945014841	534.440669237	239.387837948	485.409997087	604.875699569	478.396640433	943.735293349	651.70789777	657.838982302	663.765450396	524.812366793	549.548831874	88.0212033297	0.0	363.488975627	97.3117626127	850.664967864	262.702121198	1225.82807244	1169.52531696	1089.53155018	1027.15342683	567.779908146	1070.10170299	1142.37841397	1200.5652762	1056.73626873	1050.35786746	1078.39425626	1077.22551447	752.720803586	1214.50892268	1290.42193921	1288.64657566	1146.59246809	892.546470956	455.166071992	568.002735083	264.675795607	438.944633136	364.447105557	352.785676648	404.433971057	484.320316753	776.566401104	770.335874794	522.103262204	224.252527857	588.592839249	615.784631216	497.321515387	331.794408128	816.78473763	803.159786465	825.395025855	897.793416154	898.858176173	591.630852586	978.102856217	957.163917562	49.3442322984	350.960061471	412.290118204	361.774855868	501.380924886	172.132642826	144.242522774	197.753889742	425.535130846	461.989504789	254.197904517	290.727886363	265.369324103	714.033954547	498.130628428	426.176254493	388.927861248	324.650971248	116.671433675	802.887897337	759.238173896	722.054588556	509.683357	174.188724826	169.572611875	452.462968898	356.915877567	590.671425119	674.37623875	619.842723538	1478.5326269	1399.39155951	1521.40187421	1536.9553808
1290.29038445	1312.57431681	1277.86283726	714.210499524	700.698143063	535.358041011	822.238157617	596.23920598	773.868781763	835.759368776	841.751086126	1157.24194357	851.257143045	825.065550533	928.540689436	855.771608194	875.848949912	447.675294431	363.488975627	0.0	439.67388853	1046.52711771	615.527553876	1352.79014848	1295.93196496	1190.77882007	1121.46066059	928.400311979	1254.73741429	1298.37947328	1355.01823186	1229.02074	1197.1456503	1199.48793665	1244.51785106	936.620223922	1394.3779523	1480.86819449	1483.76251388	1329.86729699	1113.27703314	727.251012364	819.800369944	560.602850537	784.941583752	613.901969366	583.385882552	765.280083314	846.601069189	978.796169256	1029.92333158	866.636868829	558.694079071	946.149604213	977.320559402	797.73517117	688.52437121	994.290471481	951.45529009	971.643079087	1062.03948116	1033.53086176	936.932190376	1159.23491609	1088.34933202	332.111923698	714.389932031	771.291139265	721.104873094	817.100034153	444.854733715	451.031064695	419.097226185	787.0795497	822.41719857	617.260275532	649.517952314	627.57961563	993.902114772	861.46816073	746.206526551	683.197491748	595.330814358	474.01872601	1046.31058504	983.11860854	962.170971651	867.349583507	193.956425234	196.612110356	748.765826084	684.302942794	903.660633585	978.513913976	915.284820095	1691.3087436	1610.28632227	1732.72019227	1748.13143964
968.71952139	995.080118744	974.474840648	282.624443259	266.023654663	117.310550062	437.638008081	209.226938423	388.77781253	514.408910935	409.897419147	852.630297967	566.057628549	578.613805092	568.222980618	429.841104919	453.849349286	95.672290768	97.3117626127	439.67388853	0.0	762.944935743	175.874484638	1146.77164042	1091.01906056	1016.69622636	956.518850437	489.916672085	982.398989652	1058.81840067	1116.86856801	971.088638057	969.171956193	1001.74998333	992.248061879	668.303612033	1126.7043605	1200.77098222	1198.37366107	1058.63823454	800.784312358	360.557631422	474.792843129	170.344128989	348.33924363	276.622646824	270.659411946	327.717667227	427.141415831	688.593503605	674.785847782	431.174988495	127.802004677	506.511477088	539.564171317	400.062352187	249.054160263	732.631229516	724.854391005	747.124552153	815.041866842	821.76519246	501.257930287	891.628266245	879.95987516	146.558536536	285.523127585	365.874789167	316.651760196	404.40003742	100.708182164	60.0432478059	146.51086464	350.239414911	384.140364692	188.344109557	251.10231967	216.759969972	617.18469453	435.073033163	329.28881504	292.460861746	233.532935293	44.3767045559	708.840788407	668.05203806	628.941069861	463.066575206	260.990574979	255.113095993	355.468737373	260.486560002	493.706368873	577.142774223	522.569154104	1385.59410328	1306.84084095	1428.53416678	1444.07237534
256.984715405	273.992426399	232.457836169	592.818964732	615.089022585	793.892898891	385.975099395	861.803284254	417.654764556	251.731962988	781.317337565	118.441171046	200.715318299	224.149191948	262.420026836	522.300289719	497.565135874	849.251689502	850.664967864	1046.52711771	762.944935743	0.0	693.405605106	416.203371805	368.204173669	354.278276598	332.843035862	730.797361769	219.504723201	305.938062924	362.037050289	211.460194958	237.243192421	305.65284818	234.748052264	110.987843655	363.892234332	441.533661985	441.610090528	295.930399079	97.8848347815	416.940595026	302.863722164	595.535674265	609.407974613	486.691238934	499.147975419	720.743238582	850.171420794	74.3972108426	212.833392358	589.344817918	665.820634965	694.333447039	758.070706994	435.075247358	692.88150275	69.6764774517	153.220280692	151.131467898	101.258379059	181.356993961	592.745877214	130.498401913	209.742451195	897.25481078	775.568925499	875.606428026	861.570928951	474.274487314	679.711308845	707.375474356	669.842028542	730.358185361	715.64721112	768.878427758	855.089226696	821.153723698	291.307721737	820.667110776	520.074802753	494.31684732	529.810948754	773.851174197	154.938592308	115.906813186	172.981518738	917.891437861	955.415460249	947.540580671	453.229011866	573.892533087	436.30498318	387.344453148	367.586042069	644.87110201	563.889018949	686.4884772	701.946932132
866.771601598	894.64341141	882.855172194	124.546374037	102.664158694	115.598639764	322.72099843	168.448328648	280.475321683	443.335511687	246.546207702	765.400712411	513.536369779	548.770592007	461.307023421	270.273476913	297.785089098	203.761209696	262.702121198	615.527553876	175.874484638	693.405605106	0.0	1100.18985105	1047.04492712	990.891207944	938.119199736	315.995238025	907.838553048	998.638718448	1055.29891884	904.825723793	918.811790866	965.141471624	928.103032491	615.413437237	1049.52841728	1114.97183007	1109.84818168	981.808565669	711.397914445	277.408701332	390.672232724	149.381260526	176.923931577	251.098007685	270.253217043	157.109434557	279.570139315	620.494263014	564.220066592	259.981800547	77.0590417986	330.808026925	366.381986114	276.16724271	74.5832988131	678.215866592	690.870097862	712.411821086	763.071198605	788.259686869	329.116192743	823.807525967	844.463958852	307.818899222	137.4602157	242.95136873	204.520549041	262.507110743	206.528102537	177.627548837	259.144133393	180.531158376	211.195294931	77.4561900858	169.866003476	131.621516695	493.830111537	278.176955642	190.649187154	200.080008566	203.886742838	146.030732901	608.541531245	585.596138957	537.183433599	330.365204362	434.660234937	429.216874229	243.847683597	123.459444162	348.348209873	435.506524691	391.813706245	1282.53650487	1206.3874943	1325.56712871	1340.92698555
409.402175741	391.524652842	345.390085942	1006.09585564	1027.80482767	1193.76639607	801.54819493	1268.24364709	830.701644003	657.736159754	1197.2474617	395.532692849	587.787568483	568.390648509	677.490735423	937.761598627	912.272904891	1238.48773991	1225.82807244	1352.79014848	1146.77164042	416.203371805	1100.18985105	0.0	57.1424070144	175.646206342	244.015927589	1142.94042084	250.016460726	128.993038497	105.77978363	222.150847476	181.56079174	153.304653459	196.920266789	485.058711657	208.553945402	276.878945991	296.023995816	222.264575837	441.887566889	823.033764368	713.711851971	987.568323328	1025.5055257	873.268409213	876.1281839	1136.61573116	1266.22013704	484.035155723	610.099801437	1004.19066396	1064.04754446	1104.6944857	1166.97138406	850.390932949	1105.68697075	421.976378681	422.66835808	400.435336362	337.118712605	327.904283604	1002.80055506	294.699811319	269.905665086	1268.84322733	1189.85674809	1291.25445208	1275.80037528	890.44711911	1054.21539885	1088.00333616	1032.31819837	1146.50630427	1131.73307208	1176.9561498	1265.60382581	1230.22821042	695.18987044	1236.37303771	934.107472854	900.144426481	920.342032958	1164.46735962	549.377077474	531.857685646	588.342452504	1333.91312634	1301.90434638	1294.0721363	865.346092617	984.249386508	849.73963475	792.132521593	781.130900421	484.164344327	423.265698731	509.781121046	521.097217528
390.555532837	376.002288085	325.018526943	954.814182146	976.283188784	1139.43332302	751.811495223	1214.86510774	779.589736241	605.500503093	1149.37377373	359.15266684	533.932003254	512.452642699	630.505060767	890.504389293	865.634632843	1183.03734579	1169.52531696	1295.93196496	1091.01906056	368.204173669	1047.04492712	57.1424070144	0.0	127.299501076	192.435638139	1097.87734118	223.470160526	108.927741338	114.277652774	187.49329344	131.07211934	96.5495690824	163.817564535	431.631712081	217.781857155	298.514042765	315.824610103	213.472934701	402.218868725	770.237652562	662.22680777	932.659906099	976.262084319	818.129710638	820.360173565	1086.91096535	1218.10435621	433.77587879	567.96826719	957.470676556	1009.66465912	1060.41700947	1123.33458602	800.379473971	1054.11748892	369.261824887	366.455973951	344.195233688	284.499607	271.128191813	958.558187447	252.46575641	213.011818037	1212.35677817	1138.87583699	1241.1999218	1224.73212874	841.526145598	998.041869418	1032.11632505	975.69700475	1097.34753561	1083.55549466	1123.9942648	1213.16114379	1177.44412668	652.177788774	1188.82444668	883.241972277	847.128579333	865.42227642	1109.20176845	507.0471232	484.110062046	541.099708461	1285.84584311	1244.81845867	1236.98833272	813.853579902	932.058374877	803.837020622	749.249770515	735.112155023	516.586929473	450.450149899	545.196108421	557.364420452
455.944231595	448.241900214	391.430708867	909.329495528	929.397204243	1075.4317047	716.292681673	1156.31244307	737.072354171	560.443612059	1117.46821542	386.074254054	481.030331982	443.412400735	609.342644851	863.587607843	841.503332972	1110.77957569	1089.53155018	1190.77882007	1016.69622636	354.278276598	990.891207944	175.646206342	127.299501076	0.0	70.198624211	1077.25194497	287.982894484	206.37040018	234.26005117	240.58426583	151.595892863	65.2869813991	225.704873681	385.461601386	330.519045878	417.997844503	433.666506488	307.629590164	416.397192808	718.930620183	619.898574762	866.105549079	940.044683341	750.921959994	747.872754094	1047.67088293	1184.73131918	405.250388009	566.583323657	931.905541129	946.172344026	1042.97503121	1107.61828981	762.829276963	1006.32738521	331.228933972	300.154950195	278.931829063	254.893595214	203.663442311	942.278654314	272.813027663	151.426113408	1130.11780643	1093.35016453	1199.33383265	1178.24221546	808.288918041	920.272293749	956.920686695	892.85065785	1060.42982641	1050.91181978	1068.34593007	1159.80542017	1122.45149907	645.373598634	1157.9548033	840.560334305	793.569337481	799.38774615	1038.77262266	507.196645494	464.653942883	521.548172903	1252.25533574	1151.98910556	1144.25570961	768.933516265	882.140503494	783.462127345	740.811529303	715.47734803	640.73638392	571.842258797	670.673377446	683.160357891
474.222791272	470.64039173	412.487037812	861.660652278	880.985680259	1019.11538391	674.782751078	1102.00099556	691.980440688	516.180780432	1075.11354274	385.68990678	434.231379105	389.351659449	576.458072316	825.023722343	804.482601448	1051.15865266	1027.15342683	1121.46066059	956.518850437	332.843035862	938.119199736	244.015927589	192.435638139	70.198624211	0.0	1040.49326265	313.531146744	254.134138115	291.189682854	264.562767195	175.26082755	107.475963069	255.593558629	344.718253253	380.12961887	470.949715539	485.086951235	347.383589851	407.658269661	669.860189584	576.145691305	809.469259544	896.510342509	694.578258253	689.363253703	1002.19643461	1141.4337809	373.42372028	544.949849915	893.53732901	890.480241342	1007.95902381	1073.1325333	719.895822151	957.153013338	297.387904253	251.746234298	232.240506022	231.658755869	161.875589954	908.440387	276.430339322	123.340781217	1066.90579842	1044.84367334	1152.10480817	1129.02312215	767.064565351	859.068976757	896.57241009	829.898741272	1015.97368954	1008.49836285	1015.51341105	1107.66634377	1069.72675521	619.436362562	1115.92722922	794.599405536	742.923147781	743.276252375	980.018605463	487.78154465	435.807718872	491.188574017	1208.63028389	1085.49153313	1077.79224814	722.439640566	832.608285721	748.825536219	712.744630392	681.929418151	696.954363518	625.268799125	728.68399955	741.667506764
813.855839795	842.611484973	851.86424807	256.396322021	256.27900232	397.750688371	370.216842511	369.662386819	367.270759342	530.237081683	110.535714592	756.781783183	614.394372856	678.489304024	469.028020963	216.596606395	236.035992997	491.898496165	567.779908146	928.400311979	489.916672085	730.797361769	315.995238025	1142.94042084	1097.87734118	1077.25194497	1040.49326265	0.0	910.715487554	1022.59135527	1072.61434836	924.554191695	967.501685412	1034.7985501	949.948138317	695.840282654	1036.0178475	1079.16740428	1068.48319682	973.89966967	705.323227243	411.511504629	471.20721448	424.785994907	182.379830351	471.705314159	506.964233125	163.36543274	163.463804556	672.288065987	535.413080983	148.631497697	384.618272704	44.9734892166	51.2167829314	331.493628609	241.513826609	746.112970748	792.065489607	809.661621137	824.312760086	878.856532516	141.816621282	848.359297287	926.120680015	607.313389132	225.052568426	238.722869058	266.499886725	280.186372313	516.032361101	492.254147131	564.542990952	142.586367823	105.986815626	315.255640383	321.11625338	322.557231549	449.495951444	126.509481146	284.836423	370.187580077	442.959758712	454.413677034	595.114598361	615.584156127	558.191734602	219.147868196	741.965242654	737.293118396	348.836589805	298.863876312	294.59524385	354.167179062	363.248084755	1199.97065875	1133.28335837	1241.40802552	1255.74837595
169.941865019	160.297561029	104.361288247	801.900060644	824.804376604	1010.91853392	592.186178618	1075.75580746	628.759841967	469.826732051	974.186063396	153.937221399	419.13713548	430.331984362	458.035805114	714.629075598	687.094890595	1068.25709229	1070.10170299	1254.73741429	982.398989652	219.504723201	907.838553048	250.016460726	223.470160526	287.982894484	313.531146744	910.715487554	0.0	121.03837465	163.035032619	48.9740236946	139.016583458	222.695931815	63.1877619797	321.844359546	144.407270178	226.17038833	229.507380696	76.6458406086	206.185889876	633.444229838	517.772650649	814.635125704	809.929405271	706.195894757	718.237651233	922.114707832	1043.6692994	293.80941431	375.54332515	778.336762686	883.685633746	870.495952645	930.830015784	641.47288044	901.956182674	261.01849237	310.244272096	293.339042219	196.720224745	256.158105698	769.137220141	95.5091398994	226.987018085	1116.56869359	981.653455383	1077.21992349	1067.33665988	675.185264246	898.970847461	926.876575002	887.86283558	929.309957863	910.383798947	982.140898919	1065.98709286	1033.45309541	461.436644866	1011.80998157	728.528902906	710.379292527	749.152588446	992.803736968	317.026261072	322.290911012	373.226843846	1110.78123831	1171.95391794	1164.0626432	665.082567984	786.460384108	622.713583801	556.712178014	555.552999633	443.240498738	362.960118384	482.710217458	497.765833979
